
 EOS                                                                            

              Mstar     = 1.400E+00    Rstar     = 1.287E+06
              Mexo      = 0.000E+00    Rexo      = 0.000E+00
              Mcore     = 1.352E+00    Rcore     = 1.172E+06
              Mincrust  = 4.796E-02    Rincrust  = 8.409E+04
              Moutcrust = 4.327E-05    Routcrust = 3.085E+04

  icore= 111   sfn1s0= 1.                 emnco= 5.   rhoexo=   1.200E+25
  idrip= 267   sfn3p2=***  fn3p2= 1.00    emncr= 5.     cexo=   1.000E+25
   imax= 363   sfp1s0= 3.  fp1s0= 1.00      emp= 3.     pexo=   6.000E+00

            DUrca not possible
          e-ion bremstrahlung:  1             bubble neutrinos:  0
             plasma neutrinos:  1              neutron 1S0 pbf:  1
               pair neutrinos:  0              neutron 3P2 pbf:  1
              photo neutrinos:  0               proton 1S0 pbf:  1

        Accreted envelope from Potekhin et al. with Eta = 0.00E+00


    Step      Time            Teff       L_phot       L_nu        L_heat 
             [years]      at inf [K]    [erg/sec]   [erg/sec]   [erg/sec]

       1   1.000E-13        6.536E+06   3.179E+36   2.538E+47   0.000E+00
       2   2.500E-13        6.536E+06   3.179E+36   2.538E+47   0.000E+00
       3   4.750E-13        6.536E+06   3.179E+36   2.538E+47   0.000E+00
       4   8.125E-13        6.536E+06   3.179E+36   2.538E+47   0.000E+00
       5   1.319E-12        6.536E+06   3.179E+36   2.538E+47   0.000E+00
       6   2.078E-12        6.536E+06   3.179E+36   2.538E+47   0.000E+00
       7   3.217E-12        6.536E+06   3.179E+36   2.538E+47   0.000E+00
       8   4.926E-12        6.536E+06   3.179E+36   2.538E+47   0.000E+00
       9   7.489E-12        6.536E+06   3.179E+36   2.538E+47   0.000E+00
      10   1.133E-11        6.536E+06   3.179E+36   2.538E+47   0.000E+00
      11   1.710E-11        6.536E+06   3.179E+36   2.538E+47   0.000E+00
      12   2.575E-11        6.536E+06   3.179E+36   2.538E+47   0.000E+00
      13   3.872E-11        6.536E+06   3.179E+36   2.538E+47   0.000E+00
      14   5.819E-11        6.536E+06   3.179E+36   2.538E+47   0.000E+00
      15   8.738E-11        6.536E+06   3.179E+36   2.538E+47   0.000E+00
      16   1.312E-10        6.536E+06   3.179E+36   2.538E+47   0.000E+00
      17   1.969E-10        6.536E+06   3.179E+36   2.538E+47   0.000E+00
      18   2.954E-10        6.536E+06   3.179E+36   2.538E+47   0.000E+00
      19   4.432E-10        6.536E+06   3.179E+36   2.538E+47   0.000E+00
      20   6.649E-10        6.536E+06   3.179E+36   2.537E+47   0.000E+00
      21   9.974E-10        6.536E+06   3.179E+36   2.537E+47   0.000E+00
      22   1.496E-09        6.536E+06   3.179E+36   2.536E+47   0.000E+00
      23   2.244E-09        6.536E+06   3.179E+36   2.534E+47   0.000E+00
      24   3.367E-09        6.536E+06   3.179E+36   2.532E+47   0.000E+00
      25   5.050E-09        6.536E+06   3.179E+36   2.529E+47   0.000E+00
      26   7.575E-09        6.536E+06   3.179E+36   2.525E+47   0.000E+00
      27   1.136E-08        6.536E+06   3.179E+36   2.518E+47   0.000E+00
      28   1.704E-08        6.536E+06   3.179E+36   2.508E+47   0.000E+00
      29   2.557E-08        6.536E+06   3.179E+36   2.493E+47   0.000E+00
      30   3.835E-08        6.536E+06   3.179E+36   2.471E+47   0.000E+00
      31   5.753E-08        6.536E+06   3.179E+36   2.439E+47   0.000E+00
      32   8.629E-08        6.536E+06   3.179E+36   2.392E+47   0.000E+00
      33   1.294E-07        6.536E+06   3.179E+36   2.325E+47   0.000E+00
      34   1.941E-07        6.536E+06   3.179E+36   2.231E+47   0.000E+00
      35   2.912E-07        6.535E+06   3.179E+36   2.103E+47   0.000E+00
      36   4.368E-07        6.535E+06   3.179E+36   1.935E+47   0.000E+00
      37   6.552E-07        6.535E+06   3.179E+36   1.726E+47   0.000E+00
      38   9.829E-07        6.535E+06   3.179E+36   1.483E+47   0.000E+00
      39   1.474E-06        6.535E+06   3.178E+36   1.219E+47   0.000E+00
      40   2.211E-06        6.535E+06   3.178E+36   9.556E+46   0.000E+00
      41   3.317E-06        6.534E+06   3.177E+36   7.142E+46   0.000E+00
      42   4.976E-06        6.534E+06   3.176E+36   5.101E+46   0.000E+00
      43   7.464E-06        6.533E+06   3.174E+36   3.501E+46   0.000E+00
      44   1.120E-05        6.532E+06   3.171E+36   2.323E+46   0.000E+00
      45   1.679E-05        6.529E+06   3.167E+36   1.502E+46   0.000E+00
      46   2.519E-05        6.526E+06   3.162E+36   9.515E+45   0.000E+00
      47   3.778E-05        6.522E+06   3.153E+36   5.942E+45   0.000E+00
      48   5.668E-05        6.515E+06   3.140E+36   3.671E+45   0.000E+00
      49   8.502E-05        6.505E+06   3.120E+36   2.249E+45   0.000E+00
      50   1.275E-04        6.490E+06   3.092E+36   1.367E+45   0.000E+00
      51   1.913E-04        6.468E+06   3.050E+36   8.249E+44   0.000E+00
      52   2.869E-04        6.435E+06   2.989E+36   4.945E+44   0.000E+00
      53   4.304E-04        6.388E+06   2.902E+36   2.946E+44   0.000E+00
      54   6.456E-04        6.320E+06   2.781E+36   1.755E+44   0.000E+00
      55   7.094E-04        6.300E+06   2.746E+36   1.525E+44   0.000E+00
      56   7.219E-04        6.296E+06   2.739E+36   1.484E+44   0.000E+00
      57   7.374E-04        6.292E+06   2.731E+36   1.436E+44   0.000E+00
      58   7.605E-04        6.285E+06   2.718E+36   1.369E+44   0.000E+00
      59   7.759E-04        6.280E+06   2.710E+36   1.328E+44   0.000E+00
      60   7.862E-04        6.277E+06   2.705E+36   1.301E+44   0.000E+00
      61   8.016E-04        6.272E+06   2.696E+36   1.263E+44   0.000E+00
      62   8.248E-04        6.265E+06   2.684E+36   1.210E+44   0.000E+00
      63   8.437E-04        6.259E+06   2.675E+36   1.169E+44   0.000E+00
      64   8.591E-04        6.254E+06   2.667E+36   1.137E+44   0.000E+00
      65   8.822E-04        6.247E+06   2.655E+36   1.092E+44   0.000E+00
      66   9.170E-04        6.237E+06   2.637E+36   1.031E+44   0.000E+00
      67   9.453E-04        6.229E+06   2.623E+36   9.852E+43   0.000E+00
      68   9.878E-04        6.216E+06   2.602E+36   9.235E+43   0.000E+00
      69   1.052E-03        6.198E+06   2.571E+36   8.436E+43   0.000E+00
      70   1.080E-03        6.189E+06   2.557E+36   8.112E+43   0.000E+00
      71   1.122E-03        6.177E+06   2.537E+36   7.671E+43   0.000E+00
      72   1.186E-03        6.159E+06   2.508E+36   7.087E+43   0.000E+00
      73   1.238E-03        6.145E+06   2.484E+36   6.663E+43   0.000E+00
      74   1.316E-03        6.123E+06   2.449E+36   6.111E+43   0.000E+00
      75   1.433E-03        6.091E+06   2.399E+36   5.430E+43   0.000E+00
      76   1.609E-03        6.046E+06   2.328E+36   4.645E+43   0.000E+00
      77   1.661E-03        6.032E+06   2.307E+36   4.440E+43   0.000E+00
      78   1.696E-03        6.023E+06   2.294E+36   4.312E+43   0.000E+00
      79   1.748E-03        6.010E+06   2.273E+36   4.132E+43   0.000E+00
      80   1.771E-03        6.004E+06   2.265E+36   4.055E+43   0.000E+00
      81   1.790E-03        5.999E+06   2.257E+36   3.996E+43   0.000E+00
      82   1.809E-03        5.995E+06   2.250E+36   3.940E+43   0.000E+00
      83   1.837E-03        5.987E+06   2.240E+36   3.862E+43   0.000E+00
      84   1.880E-03        5.977E+06   2.224E+36   3.753E+43   0.000E+00
      85   1.932E-03        5.964E+06   2.205E+36   3.632E+43   0.000E+00
      86   1.996E-03        5.948E+06   2.182E+36   3.498E+43   0.000E+00
      87   2.074E-03        5.930E+06   2.154E+36   3.353E+43   0.000E+00
      88   2.191E-03        5.902E+06   2.115E+36   3.167E+43   0.000E+00
      89   2.308E-03        5.875E+06   2.076E+36   3.008E+43   0.000E+00
      90   2.451E-03        5.843E+06   2.031E+36   2.845E+43   0.000E+00
      91   2.627E-03        5.805E+06   1.978E+36   2.680E+43   0.000E+00
      92   2.803E-03        5.767E+06   1.928E+36   2.543E+43   0.000E+00
      93   3.018E-03        5.723E+06   1.870E+36   2.403E+43   0.000E+00
      94   3.061E-03        5.715E+06   1.858E+36   2.377E+43   0.000E+00
      95   3.103E-03        5.706E+06   1.847E+36   2.352E+43   0.000E+00
      96   3.155E-03        5.695E+06   1.834E+36   2.323E+43   0.000E+00
      97   3.233E-03        5.680E+06   1.814E+36   2.281E+43   0.000E+00
      98   3.350E-03        5.657E+06   1.785E+36   2.222E+43   0.000E+00
      99   3.425E-03        5.643E+06   1.767E+36   2.186E+43   0.000E+00
     100   3.476E-03        5.633E+06   1.755E+36   2.163E+43   0.000E+00
     101   3.538E-03        5.621E+06   1.740E+36   2.135E+43   0.000E+00
     102   3.612E-03        5.607E+06   1.723E+36   2.103E+43   0.000E+00
     103   3.664E-03        5.598E+06   1.711E+36   2.082E+43   0.000E+00
     104   3.726E-03        5.586E+06   1.697E+36   2.056E+43   0.000E+00
     105   3.794E-03        5.574E+06   1.682E+36   2.029E+43   0.000E+00
     106   3.845E-03        5.565E+06   1.671E+36   2.008E+43   0.000E+00
     107   3.907E-03        5.554E+06   1.658E+36   1.985E+43   0.000E+00
     108   3.981E-03        5.540E+06   1.642E+36   1.957E+43   0.000E+00
     109   4.070E-03        5.525E+06   1.624E+36   1.924E+43   0.000E+00
     110   4.177E-03        5.507E+06   1.602E+36   1.886E+43   0.000E+00
     111   4.294E-03        5.487E+06   1.579E+36   1.845E+43   0.000E+00
     112   4.435E-03        5.463E+06   1.552E+36   1.798E+43   0.000E+00
     113   4.542E-03        5.446E+06   1.533E+36   1.763E+43   0.000E+00
     114   4.670E-03        5.425E+06   1.510E+36   1.722E+43   0.000E+00
     115   4.824E-03        5.401E+06   1.483E+36   1.674E+43   0.000E+00
     116   5.009E-03        5.373E+06   1.452E+36   1.618E+43   0.000E+00
     117   5.231E-03        5.340E+06   1.417E+36   1.554E+43   0.000E+00
     118   5.385E-03        5.317E+06   1.393E+36   1.510E+43   0.000E+00
     119   5.428E-03        5.311E+06   1.386E+36   1.498E+43   0.000E+00
     120   5.467E-03        5.305E+06   1.380E+36   1.487E+43   0.000E+00
     121   5.514E-03        5.298E+06   1.373E+36   1.474E+43   0.000E+00
     122   5.571E-03        5.290E+06   1.365E+36   1.458E+43   0.000E+00
     123   5.638E-03        5.281E+06   1.355E+36   1.440E+43   0.000E+00
     124   5.720E-03        5.269E+06   1.343E+36   1.418E+43   0.000E+00
     125   5.817E-03        5.256E+06   1.330E+36   1.393E+43   0.000E+00
     126   5.934E-03        5.240E+06   1.314E+36   1.363E+43   0.000E+00
     127   6.075E-03        5.221E+06   1.295E+36   1.328E+43   0.000E+00
     128   6.244E-03        5.199E+06   1.273E+36   1.287E+43   0.000E+00
     129   6.446E-03        5.173E+06   1.248E+36   1.240E+43   0.000E+00
     130   6.600E-03        5.153E+06   1.229E+36   1.205E+43   0.000E+00
     131   6.785E-03        5.131E+06   1.207E+36   1.165E+43   0.000E+00
     132   7.007E-03        5.104E+06   1.182E+36   1.119E+43   0.000E+00
     133   7.273E-03        5.072E+06   1.154E+36   1.067E+43   0.000E+00
     134   7.592E-03        5.036E+06   1.121E+36   1.009E+43   0.000E+00
     135   7.975E-03        4.994E+06   1.084E+36   9.440E+42   0.000E+00
     136   8.435E-03        4.946E+06   1.043E+36   8.737E+42   0.000E+00
     137   8.987E-03        4.896E+06   1.002E+36   7.987E+42   0.000E+00
     138   9.649E-03        4.838E+06   9.547E+35   7.205E+42   0.000E+00
     139   1.044E-02        4.769E+06   9.016E+35   6.407E+42   0.000E+00
     140   1.140E-02        4.694E+06   8.459E+35   5.613E+42   0.000E+00
     141   1.219E-02        4.635E+06   8.042E+35   5.055E+42   0.000E+00
     142   1.314E-02        4.569E+06   7.596E+35   4.493E+42   0.000E+00
     143   1.429E-02        4.496E+06   7.123E+35   3.942E+42   0.000E+00
     144   1.495E-02        4.456E+06   6.870E+35   3.665E+42   0.000E+00
     145   1.575E-02        4.411E+06   6.595E+35   3.373E+42   0.000E+00
     146   1.670E-02        4.360E+06   6.297E+35   3.072E+42   0.000E+00
     147   1.784E-02        4.303E+06   5.977E+35   2.767E+42   0.000E+00
     148   1.922E-02        4.241E+06   5.638E+35   2.463E+42   0.000E+00
     149   2.086E-02        4.173E+06   5.285E+35   2.169E+42   0.000E+00
     150   2.284E-02        4.100E+06   4.923E+35   1.888E+42   0.000E+00
     151   2.449E-02        4.044E+06   4.659E+35   1.694E+42   0.000E+00
     152   2.646E-02        3.982E+06   4.383E+35   1.502E+42   0.000E+00
     153   2.884E-02        3.916E+06   4.100E+35   1.316E+42   0.000E+00
     154   3.168E-02        3.846E+06   3.814E+35   1.138E+42   0.000E+00
     155   3.510E-02        3.772E+06   3.529E+35   9.723E+41   0.000E+00
     156   3.920E-02        3.696E+06   3.252E+35   8.206E+41   0.000E+00
     157   4.262E-02        3.639E+06   3.056E+35   7.202E+41   0.000E+00
     158   4.672E-02        3.579E+06   2.858E+35   6.240E+41   0.000E+00
     159   5.164E-02        3.516E+06   2.662E+35   5.335E+41   0.000E+00
     160   5.754E-02        3.451E+06   2.471E+35   4.512E+41   0.000E+00
     161   6.462E-02        3.384E+06   2.287E+35   3.767E+41   0.000E+00
     162   7.312E-02        3.318E+06   2.112E+35   3.110E+41   0.000E+00
     163   8.088E-02        3.265E+06   1.981E+35   2.653E+41   0.000E+00
     164   9.020E-02        3.212E+06   1.854E+35   2.240E+41   0.000E+00
     165   1.014E-01        3.158E+06   1.732E+35   1.869E+41   0.000E+00
     166   1.136E-01        3.108E+06   1.625E+35   1.565E+41   0.000E+00
     167   1.283E-01        3.058E+06   1.523E+35   1.298E+41   0.000E+00
     168   1.459E-01        3.008E+06   1.427E+35   1.066E+41   0.000E+00
     169   1.652E-01        2.964E+06   1.344E+35   8.799E+40   0.000E+00
     170   1.864E-01        2.923E+06   1.272E+35   7.283E+40   0.000E+00
     171   2.118E-01        2.883E+06   1.204E+35   5.989E+40   0.000E+00
     172   2.422E-01        2.845E+06   1.141E+35   4.883E+40   0.000E+00
     173   2.700E-01        2.815E+06   1.095E+35   4.120E+40   0.000E+00
     174   3.034E-01        2.786E+06   1.050E+35   3.425E+40   0.000E+00
     175   3.434E-01        2.758E+06   1.008E+35   2.855E+40   0.000E+00
     176   3.739E-01        2.739E+06   9.806E+34   2.520E+40   0.000E+00
     177   4.105E-01        2.720E+06   9.537E+34   2.195E+40   0.000E+00
     178   4.543E-01        2.701E+06   9.275E+34   1.890E+40   0.000E+00
     179   5.070E-01        2.682E+06   9.023E+34   1.633E+40   0.000E+00
     180   5.701E-01        2.665E+06   8.785E+34   1.397E+40   0.000E+00
     181   6.459E-01        2.648E+06   8.565E+34   1.169E+40   0.000E+00
     182   7.369E-01        2.632E+06   8.365E+34   9.749E+39   0.000E+00
     183   8.460E-01        2.618E+06   8.186E+34   7.938E+39   0.000E+00
     184   9.770E-01        2.605E+06   8.026E+34   6.234E+39   0.000E+00
     185   1.134E+00        2.593E+06   7.884E+34   4.838E+39   0.000E+00
     186   1.323E+00        2.583E+06   7.755E+34   3.777E+39   0.000E+00
     187   1.549E+00        2.573E+06   7.637E+34   2.887E+39   0.000E+00
     188   1.821E+00        2.563E+06   7.525E+34   2.226E+39   0.000E+00
     189   2.092E+00        2.555E+06   7.431E+34   1.737E+39   0.000E+00
     190   2.418E+00        2.547E+06   7.334E+34   1.342E+39   0.000E+00
     191   2.809E+00        2.538E+06   7.234E+34   1.005E+39   0.000E+00
     192   3.279E+00        2.529E+06   7.129E+34   7.496E+38   0.000E+00
     193   3.842E+00        2.519E+06   7.021E+34   5.562E+38   0.000E+00
     194   4.517E+00        2.509E+06   6.910E+34   4.111E+38   0.000E+00
     195   5.328E+00        2.499E+06   6.798E+34   3.048E+38   0.000E+00
     196   6.302E+00        2.489E+06   6.684E+34   2.280E+38   0.000E+00
     197   7.469E+00        2.478E+06   6.568E+34   1.724E+38   0.000E+00
     198   8.871E+00        2.466E+06   6.444E+34   1.317E+38   0.000E+00
     199   1.055E+01        2.453E+06   6.305E+34   1.015E+38   0.000E+00
     200   1.257E+01        2.437E+06   6.142E+34   7.872E+37   0.000E+00
     201   1.499E+01        2.416E+06   5.940E+34   6.135E+37   0.000E+00
     202   1.790E+01        2.390E+06   5.684E+34   4.796E+37   0.000E+00
     203   2.138E+01        2.355E+06   5.356E+34   3.760E+37   0.000E+00
     204   2.557E+01        2.307E+06   4.940E+34   2.956E+37   0.000E+00
     205   3.059E+01        2.245E+06   4.425E+34   2.328E+37   0.000E+00
     206   3.661E+01        2.164E+06   3.818E+34   1.836E+37   0.000E+00
     207   4.385E+01        2.063E+06   3.156E+34   1.447E+37   0.000E+00
     208   5.252E+01        1.948E+06   2.507E+34   1.136E+37   0.000E+00
     209   6.293E+01        1.827E+06   1.940E+34   8.848E+36   0.000E+00
     210   7.543E+01        1.713E+06   1.499E+34   6.816E+36   0.000E+00
     211   9.042E+01        1.617E+06   1.192E+34   5.177E+36   0.000E+00
     212   1.084E+02        1.544E+06   9.895E+33   3.876E+36   0.000E+00
     213   1.300E+02        1.492E+06   8.629E+33   2.869E+36   0.000E+00
     214   1.559E+02        1.453E+06   7.772E+33   2.107E+36   0.000E+00
     215   1.870E+02        1.423E+06   7.136E+33   1.543E+36   0.000E+00
     216   2.243E+02        1.397E+06   6.628E+33   1.130E+36   0.000E+00
     217   2.691E+02        1.373E+06   6.184E+33   8.293E+35   0.000E+00
     218   3.228E+02        1.350E+06   5.791E+33   6.113E+35   0.000E+00
     219   3.873E+02        1.329E+06   5.440E+33   4.527E+35   0.000E+00
     220   4.646E+02        1.309E+06   5.123E+33   3.368E+35   0.000E+00
     221   5.575E+02        1.291E+06   4.838E+33   2.519E+35   0.000E+00
     222   6.689E+02        1.273E+06   4.577E+33   1.892E+35   0.000E+00
     223   8.025E+02        1.256E+06   4.338E+33   1.428E+35   0.000E+00
     224   9.630E+02        1.240E+06   4.119E+33   1.083E+35   0.000E+00
     225   1.155E+03        1.224E+06   3.917E+33   8.246E+34   0.000E+00
     226   1.386E+03        1.210E+06   3.730E+33   6.299E+34   0.000E+00
     227   1.664E+03        1.195E+06   3.555E+33   4.820E+34   0.000E+00
     228   1.996E+03        1.181E+06   3.391E+33   3.691E+34   0.000E+00
     229   2.395E+03        1.167E+06   3.236E+33   2.826E+34   0.000E+00
     230   2.874E+03        1.154E+06   3.089E+33   2.162E+34   0.000E+00
     231   3.449E+03        1.141E+06   2.950E+33   1.651E+34   0.000E+00
     232   4.139E+03        1.128E+06   2.817E+33   1.258E+34   0.000E+00
     233   4.967E+03        1.115E+06   2.689E+33   9.554E+33   0.000E+00
     234   5.960E+03        1.102E+06   2.566E+33   7.218E+33   0.000E+00
     235   6.958E+03        1.090E+06   2.464E+33   5.643E+33   0.000E+00
     236   7.956E+03        1.081E+06   2.376E+33   4.531E+33   0.000E+00
     237   8.954E+03        1.072E+06   2.300E+33   3.714E+33   0.000E+00
     238   9.953E+03        1.064E+06   2.232E+33   3.094E+33   0.000E+00
     239   1.095E+04        1.057E+06   2.172E+33   2.611E+33   0.000E+00
     240   1.195E+04        1.050E+06   2.116E+33   2.229E+33   0.000E+00
     241   1.295E+04        1.043E+06   2.066E+33   1.919E+33   0.000E+00
     242   1.395E+04        1.037E+06   2.019E+33   1.666E+33   0.000E+00
     243   1.494E+04        1.032E+06   1.975E+33   1.455E+33   0.000E+00
     244   1.594E+04        1.026E+06   1.934E+33   1.279E+33   0.000E+00
     245   1.694E+04        1.021E+06   1.895E+33   1.130E+33   0.000E+00
     246   1.794E+04        1.016E+06   1.858E+33   1.002E+33   0.000E+00
     247   1.894E+04        1.011E+06   1.824E+33   8.927E+32   0.000E+00
     248   1.993E+04        1.007E+06   1.790E+33   7.979E+32   0.000E+00
     249   2.093E+04        1.002E+06   1.759E+33   7.156E+32   0.000E+00
     250   2.193E+04        9.980E+05   1.728E+33   6.435E+32   0.000E+00
     251   2.293E+04        9.937E+05   1.699E+33   5.803E+32   0.000E+00
     252   2.393E+04        9.896E+05   1.671E+33   5.246E+32   0.000E+00
     253   2.493E+04        9.855E+05   1.644E+33   4.752E+32   0.000E+00
     254   2.592E+04        9.815E+05   1.617E+33   4.314E+32   0.000E+00
     255   2.692E+04        9.776E+05   1.592E+33   3.924E+32   0.000E+00
     256   2.792E+04        9.738E+05   1.567E+33   3.576E+32   0.000E+00
     257   2.892E+04        9.701E+05   1.543E+33   3.265E+32   0.000E+00
     258   2.992E+04        9.664E+05   1.520E+33   2.985E+32   0.000E+00
     259   3.091E+04        9.627E+05   1.497E+33   2.733E+32   0.000E+00
     260   3.191E+04        9.592E+05   1.475E+33   2.507E+32   0.000E+00
     261   3.291E+04        9.556E+05   1.453E+33   2.302E+32   0.000E+00
     262   3.391E+04        9.521E+05   1.432E+33   2.117E+32   0.000E+00
     263   3.491E+04        9.487E+05   1.411E+33   1.949E+32   0.000E+00
     264   3.591E+04        9.453E+05   1.391E+33   1.797E+32   0.000E+00
     265   3.690E+04        9.419E+05   1.371E+33   1.658E+32   0.000E+00
     266   3.790E+04        9.385E+05   1.352E+33   1.532E+32   0.000E+00
     267   3.890E+04        9.352E+05   1.333E+33   1.418E+32   0.000E+00
     268   3.990E+04        9.320E+05   1.315E+33   1.313E+32   0.000E+00
     269   4.090E+04        9.287E+05   1.296E+33   1.217E+32   0.000E+00
     270   4.189E+04        9.255E+05   1.278E+33   1.129E+32   0.000E+00
     271   4.289E+04        9.223E+05   1.261E+33   1.049E+32   0.000E+00
     272   4.389E+04        9.191E+05   1.244E+33   9.755E+31   0.000E+00
     273   4.489E+04        9.160E+05   1.227E+33   9.080E+31   0.000E+00
     274   4.589E+04        9.128E+05   1.210E+33   8.458E+31   0.000E+00
     275   4.689E+04        9.097E+05   1.194E+33   7.887E+31   0.000E+00
     276   4.788E+04        9.067E+05   1.178E+33   7.360E+31   0.000E+00
     277   4.888E+04        9.036E+05   1.162E+33   6.875E+31   0.000E+00
     278   4.988E+04        9.006E+05   1.146E+33   6.427E+31   0.000E+00
     279   5.088E+04        8.975E+05   1.131E+33   6.013E+31   0.000E+00
     280   5.188E+04        8.945E+05   1.116E+33   5.630E+31   0.000E+00
     281   5.287E+04        8.916E+05   1.101E+33   5.276E+31   0.000E+00
     282   5.387E+04        8.886E+05   1.086E+33   4.948E+31   0.000E+00
     283   5.487E+04        8.856E+05   1.072E+33   4.643E+31   0.000E+00
     284   5.587E+04        8.827E+05   1.058E+33   4.360E+31   0.000E+00
     285   5.687E+04        8.798E+05   1.044E+33   4.098E+31   0.000E+00
     286   5.787E+04        8.769E+05   1.030E+33   3.853E+31   0.000E+00
     287   5.886E+04        8.740E+05   1.017E+33   3.626E+31   0.000E+00
     288   5.986E+04        8.711E+05   1.004E+33   3.414E+31   0.000E+00
     289   6.086E+04        8.683E+05   9.904E+32   3.216E+31   0.000E+00
     290   6.186E+04        8.654E+05   9.775E+32   3.032E+31   0.000E+00
     291   6.286E+04        8.626E+05   9.648E+32   2.859E+31   0.000E+00
     292   6.385E+04        8.598E+05   9.522E+32   2.698E+31   0.000E+00
     293   6.485E+04        8.570E+05   9.399E+32   2.547E+31   0.000E+00
     294   6.585E+04        8.542E+05   9.277E+32   2.406E+31   0.000E+00
     295   6.685E+04        8.514E+05   9.157E+32   2.273E+31   0.000E+00
     296   6.785E+04        8.487E+05   9.039E+32   2.149E+31   0.000E+00
     297   6.884E+04        8.459E+05   8.922E+32   2.032E+31   0.000E+00
     298   6.984E+04        8.432E+05   8.807E+32   1.923E+31   0.000E+00
     299   7.084E+04        8.404E+05   8.694E+32   1.820E+31   0.000E+00
     300   7.184E+04        8.377E+05   8.582E+32   1.723E+31   0.000E+00
     301   7.284E+04        8.350E+05   8.472E+32   1.632E+31   0.000E+00
     302   7.384E+04        8.323E+05   8.364E+32   1.546E+31   0.000E+00
     303   7.483E+04        8.297E+05   8.257E+32   1.465E+31   0.000E+00
     304   7.583E+04        8.270E+05   8.151E+32   1.388E+31   0.000E+00
     305   7.683E+04        8.243E+05   8.047E+32   1.316E+31   0.000E+00
     306   7.783E+04        8.217E+05   7.944E+32   1.248E+31   0.000E+00
     307   7.883E+04        8.191E+05   7.843E+32   1.184E+31   0.000E+00
     308   7.982E+04        8.165E+05   7.743E+32   1.123E+31   0.000E+00
     309   8.082E+04        8.139E+05   7.645E+32   1.066E+31   0.000E+00
     310   8.182E+04        8.113E+05   7.548E+32   1.012E+31   0.000E+00
     311   8.282E+04        8.087E+05   7.452E+32   9.602E+30   0.000E+00
     312   8.382E+04        8.061E+05   7.358E+32   9.116E+30   0.000E+00
     313   8.482E+04        8.035E+05   7.265E+32   8.655E+30   0.000E+00
     314   8.581E+04        8.010E+05   7.173E+32   8.218E+30   0.000E+00
     315   8.681E+04        7.984E+05   7.082E+32   7.804E+30   0.000E+00
     316   8.781E+04        7.959E+05   6.993E+32   7.412E+30   0.000E+00
     317   8.881E+04        7.934E+05   6.905E+32   7.040E+30   0.000E+00
     318   8.981E+04        7.909E+05   6.818E+32   6.687E+30   0.000E+00
     319   9.080E+04        7.884E+05   6.732E+32   6.352E+30   0.000E+00
     320   9.180E+04        7.859E+05   6.647E+32   6.034E+30   0.000E+00
     321   9.280E+04        7.834E+05   6.564E+32   5.732E+30   0.000E+00
     322   9.380E+04        7.809E+05   6.482E+32   5.446E+30   0.000E+00
     323   9.480E+04        7.785E+05   6.401E+32   5.175E+30   0.000E+00
     324   9.580E+04        7.761E+05   6.321E+32   4.918E+30   0.000E+00
     325   9.679E+04        7.736E+05   6.242E+32   4.674E+30   0.000E+00
     326   9.779E+04        7.712E+05   6.165E+32   4.442E+30   0.000E+00
     327   9.879E+04        7.688E+05   6.089E+32   4.223E+30   0.000E+00
     328   9.979E+04        7.665E+05   6.014E+32   4.014E+30   0.000E+00
     329   1.008E+05        7.641E+05   5.940E+32   3.817E+30   0.000E+00
     330   1.018E+05        7.617E+05   5.867E+32   3.629E+30   0.000E+00
     331   1.028E+05        7.594E+05   5.795E+32   3.451E+30   0.000E+00
     332   1.038E+05        7.571E+05   5.725E+32   3.281E+30   0.000E+00
     333   1.048E+05        7.548E+05   5.655E+32   3.121E+30   0.000E+00
     334   1.058E+05        7.525E+05   5.586E+32   2.968E+30   0.000E+00
     335   1.068E+05        7.502E+05   5.519E+32   2.823E+30   0.000E+00
     336   1.078E+05        7.479E+05   5.452E+32   2.685E+30   0.000E+00
     337   1.088E+05        7.456E+05   5.387E+32   2.554E+30   0.000E+00
     338   1.098E+05        7.434E+05   5.322E+32   2.429E+30   0.000E+00
     339   1.108E+05        7.412E+05   5.258E+32   2.318E+30   0.000E+00
     340   1.118E+05        7.389E+05   5.196E+32   2.220E+30   0.000E+00
     341   1.128E+05        7.367E+05   5.133E+32   2.128E+30   0.000E+00
     342   1.138E+05        7.345E+05   5.072E+32   2.039E+30   0.000E+00
     343   1.148E+05        7.323E+05   5.011E+32   1.955E+30   0.000E+00
     344   1.158E+05        7.301E+05   4.952E+32   1.875E+30   0.000E+00
     345   1.168E+05        7.279E+05   4.893E+32   1.798E+30   0.000E+00
     346   1.178E+05        7.257E+05   4.834E+32   1.725E+30   0.000E+00
     347   1.188E+05        7.236E+05   4.777E+32   1.656E+30   0.000E+00
     348   1.198E+05        7.214E+05   4.720E+32   1.590E+30   0.000E+00
     349   1.208E+05        7.192E+05   4.664E+32   1.527E+30   0.000E+00
     350   1.217E+05        7.171E+05   4.608E+32   1.467E+30   0.000E+00
     351   1.227E+05        7.150E+05   4.553E+32   1.409E+30   0.000E+00
     352   1.237E+05        7.128E+05   4.499E+32   1.355E+30   0.000E+00
     353   1.247E+05        7.107E+05   4.446E+32   1.302E+30   0.000E+00
     354   1.257E+05        7.086E+05   4.393E+32   1.252E+30   0.000E+00
     355   1.267E+05        7.065E+05   4.341E+32   1.205E+30   0.000E+00
     356   1.277E+05        7.044E+05   4.289E+32   1.159E+30   0.000E+00
     357   1.287E+05        7.023E+05   4.239E+32   1.116E+30   0.000E+00
     358   1.297E+05        7.002E+05   4.188E+32   1.075E+30   0.000E+00
     359   1.307E+05        6.981E+05   4.139E+32   1.035E+30   0.000E+00
     360   1.317E+05        6.960E+05   4.090E+32   9.970E+29   0.000E+00
     361   1.327E+05        6.940E+05   4.042E+32   9.608E+29   0.000E+00
     362   1.337E+05        6.919E+05   3.994E+32   9.261E+29   0.000E+00
     363   1.347E+05        6.899E+05   3.947E+32   8.929E+29   0.000E+00
     364   1.357E+05        6.878E+05   3.900E+32   8.610E+29   0.000E+00
     365   1.367E+05        6.858E+05   3.854E+32   8.306E+29   0.000E+00
     366   1.377E+05        6.838E+05   3.809E+32   8.014E+29   0.000E+00
     367   1.387E+05        6.817E+05   3.764E+32   7.734E+29   0.000E+00
     368   1.397E+05        6.797E+05   3.720E+32   7.465E+29   0.000E+00
     369   1.407E+05        6.777E+05   3.676E+32   7.207E+29   0.000E+00
     370   1.417E+05        6.757E+05   3.633E+32   6.960E+29   0.000E+00
     371   1.427E+05        6.737E+05   3.590E+32   6.723E+29   0.000E+00
     372   1.437E+05        6.717E+05   3.548E+32   6.494E+29   0.000E+00
     373   1.447E+05        6.698E+05   3.506E+32   6.275E+29   0.000E+00
     374   1.457E+05        6.678E+05   3.465E+32   6.064E+29   0.000E+00
     375   1.467E+05        6.658E+05   3.425E+32   5.862E+29   0.000E+00
     376   1.477E+05        6.639E+05   3.385E+32   5.667E+29   0.000E+00
     377   1.487E+05        6.619E+05   3.345E+32   5.479E+29   0.000E+00
     378   1.497E+05        6.600E+05   3.306E+32   5.298E+29   0.000E+00
     379   1.507E+05        6.580E+05   3.267E+32   5.124E+29   0.000E+00
     380   1.517E+05        6.561E+05   3.229E+32   4.957E+29   0.000E+00
     381   1.527E+05        6.542E+05   3.192E+32   4.795E+29   0.000E+00
     382   1.537E+05        6.523E+05   3.155E+32   4.639E+29   0.000E+00
     383   1.547E+05        6.504E+05   3.118E+32   4.489E+29   0.000E+00
     384   1.557E+05        6.485E+05   3.082E+32   4.344E+29   0.000E+00
     385   1.567E+05        6.466E+05   3.046E+32   4.204E+29   0.000E+00
     386   1.577E+05        6.447E+05   3.010E+32   4.069E+29   0.000E+00
     387   1.587E+05        6.428E+05   2.975E+32   3.939E+29   0.000E+00
     388   1.597E+05        6.409E+05   2.941E+32   3.813E+29   0.000E+00
     389   1.607E+05        6.391E+05   2.907E+32   3.691E+29   0.000E+00
     390   1.617E+05        6.372E+05   2.873E+32   3.574E+29   0.000E+00
     391   1.627E+05        6.354E+05   2.840E+32   3.460E+29   0.000E+00
     392   1.637E+05        6.335E+05   2.807E+32   3.350E+29   0.000E+00
     393   1.647E+05        6.317E+05   2.774E+32   3.244E+29   0.000E+00
     394   1.657E+05        6.298E+05   2.742E+32   3.141E+29   0.000E+00
     395   1.667E+05        6.280E+05   2.711E+32   3.041E+29   0.000E+00
     396   1.677E+05        6.262E+05   2.679E+32   2.945E+29   0.000E+00
     397   1.687E+05        6.244E+05   2.649E+32   2.852E+29   0.000E+00
     398   1.697E+05        6.226E+05   2.618E+32   2.762E+29   0.000E+00
     399   1.707E+05        6.208E+05   2.588E+32   2.675E+29   0.000E+00
     400   1.717E+05        6.190E+05   2.558E+32   2.590E+29   0.000E+00
     401   1.727E+05        6.172E+05   2.529E+32   2.508E+29   0.000E+00
     402   1.737E+05        6.154E+05   2.500E+32   2.429E+29   0.000E+00
     403   1.747E+05        6.136E+05   2.471E+32   2.352E+29   0.000E+00
     404   1.756E+05        6.119E+05   2.443E+32   2.277E+29   0.000E+00
     405   1.766E+05        6.101E+05   2.415E+32   2.205E+29   0.000E+00
     406   1.776E+05        6.084E+05   2.387E+32   2.135E+29   0.000E+00
     407   1.786E+05        6.066E+05   2.360E+32   2.068E+29   0.000E+00
     408   1.796E+05        6.049E+05   2.333E+32   2.002E+29   0.000E+00
     409   1.806E+05        6.031E+05   2.306E+32   1.938E+29   0.000E+00
     410   1.816E+05        6.014E+05   2.280E+32   1.876E+29   0.000E+00
     411   1.826E+05        5.997E+05   2.254E+32   1.817E+29   0.000E+00
     412   1.836E+05        5.980E+05   2.228E+32   1.758E+29   0.000E+00
     413   1.846E+05        5.963E+05   2.203E+32   1.702E+29   0.000E+00
     414   1.856E+05        5.946E+05   2.178E+32   1.648E+29   0.000E+00
     415   1.866E+05        5.929E+05   2.153E+32   1.595E+29   0.000E+00
     416   1.876E+05        5.912E+05   2.128E+32   1.543E+29   0.000E+00
     417   1.886E+05        5.895E+05   2.104E+32   1.493E+29   0.000E+00
     418   1.896E+05        5.878E+05   2.080E+32   1.445E+29   0.000E+00
     419   1.906E+05        5.861E+05   2.057E+32   1.398E+29   0.000E+00
     420   1.916E+05        5.845E+05   2.033E+32   1.353E+29   0.000E+00
     421   1.926E+05        5.828E+05   2.010E+32   1.309E+29   0.000E+00
     422   1.936E+05        5.811E+05   1.988E+32   1.266E+29   0.000E+00
     423   1.946E+05        5.795E+05   1.965E+32   1.225E+29   0.000E+00
     424   1.956E+05        5.778E+05   1.943E+32   1.185E+29   0.000E+00
     425   1.966E+05        5.762E+05   1.921E+32   1.146E+29   0.000E+00
     426   1.976E+05        5.746E+05   1.899E+32   1.108E+29   0.000E+00
     427   1.986E+05        5.729E+05   1.878E+32   1.071E+29   0.000E+00
     428   1.996E+05        5.713E+05   1.857E+32   1.036E+29   0.000E+00
     429   2.006E+05        5.697E+05   1.836E+32   1.001E+29   0.000E+00
     430   2.016E+05        5.681E+05   1.815E+32   9.679E+28   0.000E+00
     431   2.026E+05        5.665E+05   1.795E+32   9.356E+28   0.000E+00
     432   2.036E+05        5.649E+05   1.775E+32   9.042E+28   0.000E+00
     433   2.046E+05        5.633E+05   1.755E+32   8.738E+28   0.000E+00
     434   2.056E+05        5.617E+05   1.735E+32   8.443E+28   0.000E+00
     435   2.066E+05        5.601E+05   1.716E+32   8.158E+28   0.000E+00
     436   2.076E+05        5.586E+05   1.696E+32   7.881E+28   0.000E+00
     437   2.086E+05        5.570E+05   1.677E+32   7.612E+28   0.000E+00
     438   2.096E+05        5.554E+05   1.659E+32   7.352E+28   0.000E+00
     439   2.106E+05        5.539E+05   1.640E+32   7.100E+28   0.000E+00
     440   2.116E+05        5.523E+05   1.622E+32   6.856E+28   0.000E+00
     441   2.126E+05        5.508E+05   1.604E+32   6.620E+28   0.000E+00
     442   2.136E+05        5.492E+05   1.586E+32   6.391E+28   0.000E+00
     443   2.146E+05        5.477E+05   1.568E+32   6.169E+28   0.000E+00
     444   2.156E+05        5.462E+05   1.551E+32   5.955E+28   0.000E+00
     445   2.166E+05        5.447E+05   1.533E+32   5.747E+28   0.000E+00
     446   2.176E+05        5.431E+05   1.516E+32   5.545E+28   0.000E+00
     447   2.186E+05        5.416E+05   1.500E+32   5.350E+28   0.000E+00
     448   2.196E+05        5.401E+05   1.483E+32   5.162E+28   0.000E+00
     449   2.206E+05        5.386E+05   1.467E+32   4.979E+28   0.000E+00
     450   2.216E+05        5.371E+05   1.450E+32   4.802E+28   0.000E+00
     451   2.226E+05        5.356E+05   1.434E+32   4.631E+28   0.000E+00
     452   2.236E+05        5.341E+05   1.418E+32   4.466E+28   0.000E+00
     453   2.246E+05        5.327E+05   1.403E+32   4.305E+28   0.000E+00
     454   2.256E+05        5.312E+05   1.387E+32   4.150E+28   0.000E+00
     455   2.266E+05        5.297E+05   1.372E+32   4.001E+28   0.000E+00
     456   2.276E+05        5.282E+05   1.357E+32   3.856E+28   0.000E+00
     457   2.286E+05        5.268E+05   1.342E+32   3.716E+28   0.000E+00
     458   2.296E+05        5.253E+05   1.327E+32   3.580E+28   0.000E+00
     459   2.305E+05        5.239E+05   1.313E+32   3.449E+28   0.000E+00
     460   2.315E+05        5.224E+05   1.298E+32   3.323E+28   0.000E+00
     461   2.325E+05        5.210E+05   1.284E+32   3.200E+28   0.000E+00
     462   2.335E+05        5.196E+05   1.270E+32   3.082E+28   0.000E+00
     463   2.345E+05        5.181E+05   1.256E+32   2.968E+28   0.000E+00
     464   2.355E+05        5.167E+05   1.242E+32   2.857E+28   0.000E+00
     465   2.365E+05        5.153E+05   1.228E+32   2.751E+28   0.000E+00
     466   2.375E+05        5.139E+05   1.215E+32   2.648E+28   0.000E+00
     467   2.385E+05        5.125E+05   1.202E+32   2.548E+28   0.000E+00
     468   2.395E+05        5.111E+05   1.189E+32   2.452E+28   0.000E+00
     469   2.405E+05        5.097E+05   1.176E+32   2.360E+28   0.000E+00
     470   2.415E+05        5.083E+05   1.163E+32   2.270E+28   0.000E+00
     471   2.425E+05        5.069E+05   1.150E+32   2.184E+28   0.000E+00
     472   2.435E+05        5.055E+05   1.138E+32   2.100E+28   0.000E+00
     473   2.445E+05        5.041E+05   1.125E+32   2.020E+28   0.000E+00
     474   2.455E+05        5.027E+05   1.113E+32   1.942E+28   0.000E+00
     475   2.465E+05        5.014E+05   1.101E+32   1.867E+28   0.000E+00
     476   2.475E+05        5.000E+05   1.089E+32   1.795E+28   0.000E+00
     477   2.485E+05        4.986E+05   1.077E+32   1.725E+28   0.000E+00
     478   2.495E+05        4.973E+05   1.066E+32   1.658E+28   0.000E+00
     479   2.505E+05        4.959E+05   1.054E+32   1.594E+28   0.000E+00
     480   2.515E+05        4.946E+05   1.043E+32   1.531E+28   0.000E+00
     481   2.525E+05        4.932E+05   1.031E+32   1.471E+28   0.000E+00
     482   2.535E+05        4.919E+05   1.020E+32   1.413E+28   0.000E+00
     483   2.545E+05        4.906E+05   1.009E+32   1.357E+28   0.000E+00
     484   2.555E+05        4.892E+05   9.984E+31   1.303E+28   0.000E+00
     485   2.565E+05        4.879E+05   9.876E+31   1.252E+28   0.000E+00
     486   2.575E+05        4.866E+05   9.770E+31   1.202E+28   0.000E+00
     487   2.585E+05        4.853E+05   9.665E+31   1.154E+28   0.000E+00
     488   2.595E+05        4.840E+05   9.561E+31   1.107E+28   0.000E+00
     489   2.605E+05        4.827E+05   9.458E+31   1.063E+28   0.000E+00
     490   2.615E+05        4.814E+05   9.357E+31   1.020E+28   0.000E+00
     491   2.625E+05        4.801E+05   9.256E+31   9.785E+27   0.000E+00
     492   2.635E+05        4.788E+05   9.157E+31   9.388E+27   0.000E+00
     493   2.645E+05        4.775E+05   9.059E+31   9.005E+27   0.000E+00
     494   2.655E+05        4.762E+05   8.962E+31   8.637E+27   0.000E+00
     495   2.665E+05        4.749E+05   8.867E+31   8.284E+27   0.000E+00
     496   2.675E+05        4.737E+05   8.772E+31   7.943E+27   0.000E+00
     497   2.685E+05        4.724E+05   8.678E+31   7.616E+27   0.000E+00
     498   2.695E+05        4.711E+05   8.586E+31   7.302E+27   0.000E+00
     499   2.705E+05        4.699E+05   8.494E+31   6.999E+27   0.000E+00
     500   2.715E+05        4.686E+05   8.404E+31   6.708E+27   0.000E+00
     501   2.725E+05        4.674E+05   8.315E+31   6.429E+27   0.000E+00
     502   2.735E+05        4.661E+05   8.226E+31   6.161E+27   0.000E+00
     503   2.745E+05        4.649E+05   8.139E+31   5.903E+27   0.000E+00
     504   2.755E+05        4.636E+05   8.053E+31   5.655E+27   0.000E+00
     505   2.765E+05        4.624E+05   7.967E+31   5.417E+27   0.000E+00
     506   2.775E+05        4.612E+05   7.883E+31   5.188E+27   0.000E+00
     507   2.785E+05        4.600E+05   7.799E+31   4.969E+27   0.000E+00
     508   2.795E+05        4.587E+05   7.717E+31   4.758E+27   0.000E+00
     509   2.805E+05        4.575E+05   7.635E+31   4.555E+27   0.000E+00
     510   2.815E+05        4.563E+05   7.555E+31   4.361E+27   0.000E+00
     511   2.825E+05        4.551E+05   7.475E+31   4.175E+27   0.000E+00
     512   2.835E+05        4.539E+05   7.396E+31   3.996E+27   0.000E+00
     513   2.845E+05        4.527E+05   7.318E+31   3.824E+27   0.000E+00
     514   2.854E+05        4.515E+05   7.241E+31   3.660E+27   0.000E+00
     515   2.864E+05        4.503E+05   7.165E+31   3.502E+27   0.000E+00
     516   2.874E+05        4.491E+05   7.090E+31   3.350E+27   0.000E+00
     517   2.884E+05        4.479E+05   7.015E+31   3.205E+27   0.000E+00
     518   2.894E+05        4.468E+05   6.942E+31   3.066E+27   0.000E+00
     519   2.904E+05        4.456E+05   6.869E+31   2.933E+27   0.000E+00
     520   2.914E+05        4.444E+05   6.797E+31   2.805E+27   0.000E+00
     521   2.924E+05        4.432E+05   6.726E+31   2.682E+27   0.000E+00
     522   2.934E+05        4.421E+05   6.656E+31   2.565E+27   0.000E+00
     523   2.944E+05        4.409E+05   6.586E+31   2.452E+27   0.000E+00
     524   2.954E+05        4.398E+05   6.518E+31   2.344E+27   0.000E+00
     525   2.964E+05        4.386E+05   6.450E+31   2.241E+27   0.000E+00
     526   2.974E+05        4.375E+05   6.383E+31   2.142E+27   0.000E+00
     527   2.984E+05        4.363E+05   6.316E+31   2.047E+27   0.000E+00
     528   2.994E+05        4.352E+05   6.250E+31   1.956E+27   0.000E+00
     529   3.004E+05        4.341E+05   6.185E+31   1.869E+27   0.000E+00
     530   3.014E+05        4.329E+05   6.121E+31   1.786E+27   0.000E+00
     531   3.024E+05        4.318E+05   6.058E+31   1.707E+27   0.000E+00
     532   3.034E+05        4.307E+05   5.995E+31   1.631E+27   0.000E+00
     533   3.044E+05        4.296E+05   5.933E+31   1.558E+27   0.000E+00
     534   3.054E+05        4.284E+05   5.871E+31   1.488E+27   0.000E+00
     535   3.064E+05        4.273E+05   5.811E+31   1.421E+27   0.000E+00
     536   3.074E+05        4.262E+05   5.751E+31   1.357E+27   0.000E+00
     537   3.084E+05        4.251E+05   5.691E+31   1.296E+27   0.000E+00
     538   3.094E+05        4.240E+05   5.632E+31   1.238E+27   0.000E+00
     539   3.104E+05        4.229E+05   5.574E+31   1.182E+27   0.000E+00
     540   3.114E+05        4.218E+05   5.517E+31   1.129E+27   0.000E+00
     541   3.124E+05        4.207E+05   5.460E+31   1.077E+27   0.000E+00
     542   3.134E+05        4.196E+05   5.404E+31   1.029E+27   0.000E+00
     543   3.144E+05        4.186E+05   5.349E+31   9.820E+26   0.000E+00
     544   3.154E+05        4.175E+05   5.294E+31   9.375E+26   0.000E+00
     545   3.164E+05        4.164E+05   5.239E+31   8.949E+26   0.000E+00
     546   3.174E+05        4.153E+05   5.186E+31   8.541E+26   0.000E+00
     547   3.184E+05        4.143E+05   5.132E+31   8.152E+26   0.000E+00
     548   3.194E+05        4.132E+05   5.080E+31   7.781E+26   0.000E+00
     549   3.204E+05        4.121E+05   5.028E+31   7.426E+26   0.000E+00
     550   3.214E+05        4.111E+05   4.977E+31   7.087E+26   0.000E+00
     551   3.224E+05        4.100E+05   4.926E+31   6.763E+26   0.000E+00
     552   3.234E+05        4.090E+05   4.876E+31   6.454E+26   0.000E+00
     553   3.244E+05        4.079E+05   4.826E+31   6.159E+26   0.000E+00
     554   3.254E+05        4.069E+05   4.777E+31   5.877E+26   0.000E+00
     555   3.264E+05        4.059E+05   4.728E+31   5.608E+26   0.000E+00
     556   3.274E+05        4.048E+05   4.680E+31   5.351E+26   0.000E+00
     557   3.284E+05        4.038E+05   4.633E+31   5.106E+26   0.000E+00
     558   3.294E+05        4.028E+05   4.585E+31   4.872E+26   0.000E+00
     559   3.304E+05        4.017E+05   4.539E+31   4.648E+26   0.000E+00
     560   3.314E+05        4.007E+05   4.493E+31   4.435E+26   0.000E+00
     561   3.324E+05        3.997E+05   4.447E+31   4.232E+26   0.000E+00
     562   3.334E+05        3.987E+05   4.402E+31   4.038E+26   0.000E+00
     563   3.344E+05        3.977E+05   4.358E+31   3.852E+26   0.000E+00
     564   3.354E+05        3.967E+05   4.314E+31   3.676E+26   0.000E+00
     565   3.364E+05        3.957E+05   4.270E+31   3.507E+26   0.000E+00
     566   3.374E+05        3.947E+05   4.227E+31   3.347E+26   0.000E+00
     567   3.384E+05        3.937E+05   4.185E+31   3.193E+26   0.000E+00
     568   3.394E+05        3.927E+05   4.143E+31   3.047E+26   0.000E+00
     569   3.403E+05        3.917E+05   4.101E+31   2.908E+26   0.000E+00
     570   3.413E+05        3.907E+05   4.060E+31   2.775E+26   0.000E+00
     571   3.423E+05        3.897E+05   4.019E+31   2.648E+26   0.000E+00
     572   3.433E+05        3.887E+05   3.979E+31   2.527E+26   0.000E+00
     573   3.443E+05        3.877E+05   3.939E+31   2.412E+26   0.000E+00
     574   3.453E+05        3.868E+05   3.899E+31   2.302E+26   0.000E+00
     575   3.463E+05        3.858E+05   3.860E+31   2.197E+26   0.000E+00
     576   3.473E+05        3.848E+05   3.821E+31   2.097E+26   0.000E+00
     577   3.483E+05        3.839E+05   3.783E+31   2.002E+26   0.000E+00
     578   3.493E+05        3.829E+05   3.746E+31   1.911E+26   0.000E+00
     579   3.503E+05        3.819E+05   3.708E+31   1.825E+26   0.000E+00
     580   3.513E+05        3.810E+05   3.671E+31   1.742E+26   0.000E+00
     581   3.523E+05        3.800E+05   3.635E+31   1.663E+26   0.000E+00
     582   3.533E+05        3.791E+05   3.598E+31   1.588E+26   0.000E+00
     583   3.543E+05        3.781E+05   3.563E+31   1.517E+26   0.000E+00
     584   3.553E+05        3.772E+05   3.527E+31   1.449E+26   0.000E+00
     585   3.563E+05        3.762E+05   3.492E+31   1.384E+26   0.000E+00
     586   3.573E+05        3.753E+05   3.457E+31   1.322E+26   0.000E+00
     587   3.583E+05        3.744E+05   3.423E+31   1.263E+26   0.000E+00
     588   3.593E+05        3.734E+05   3.389E+31   1.207E+26   0.000E+00
     589   3.603E+05        3.725E+05   3.356E+31   1.153E+26   0.000E+00
     590   3.613E+05        3.716E+05   3.323E+31   1.102E+26   0.000E+00
     591   3.623E+05        3.707E+05   3.290E+31   1.053E+26   0.000E+00
     592   3.633E+05        3.698E+05   3.257E+31   1.007E+26   0.000E+00
     593   3.643E+05        3.688E+05   3.225E+31   9.623E+25   0.000E+00
     594   3.653E+05        3.679E+05   3.193E+31   9.200E+25   0.000E+00
     595   3.663E+05        3.670E+05   3.162E+31   8.798E+25   0.000E+00
     596   3.673E+05        3.661E+05   3.131E+31   8.414E+25   0.000E+00
     597   3.683E+05        3.652E+05   3.100E+31   8.047E+25   0.000E+00
     598   3.693E+05        3.643E+05   3.069E+31   7.698E+25   0.000E+00
     599   3.703E+05        3.634E+05   3.039E+31   7.365E+25   0.000E+00
     600   3.713E+05        3.625E+05   3.009E+31   7.048E+25   0.000E+00
     601   3.723E+05        3.616E+05   2.980E+31   6.745E+25   0.000E+00
     602   3.733E+05        3.607E+05   2.951E+31   6.456E+25   0.000E+00
     603   3.743E+05        3.598E+05   2.922E+31   6.181E+25   0.000E+00
     604   3.753E+05        3.590E+05   2.893E+31   5.918E+25   0.000E+00
     605   3.763E+05        3.581E+05   2.865E+31   5.667E+25   0.000E+00
     606   3.773E+05        3.572E+05   2.837E+31   5.428E+25   0.000E+00
     607   3.783E+05        3.563E+05   2.809E+31   5.199E+25   0.000E+00
     608   3.793E+05        3.555E+05   2.782E+31   4.981E+25   0.000E+00
     609   3.803E+05        3.546E+05   2.755E+31   4.773E+25   0.000E+00
     610   3.813E+05        3.537E+05   2.728E+31   4.575E+25   0.000E+00
     611   3.823E+05        3.529E+05   2.701E+31   4.385E+25   0.000E+00
     612   3.833E+05        3.520E+05   2.675E+31   4.204E+25   0.000E+00
     613   3.843E+05        3.511E+05   2.649E+31   4.032E+25   0.000E+00
     614   3.853E+05        3.503E+05   2.624E+31   3.867E+25   0.000E+00
     615   3.863E+05        3.494E+05   2.598E+31   3.709E+25   0.000E+00
     616   3.873E+05        3.486E+05   2.573E+31   3.559E+25   0.000E+00
     617   3.883E+05        3.477E+05   2.548E+31   3.415E+25   0.000E+00
     618   3.893E+05        3.469E+05   2.523E+31   3.277E+25   0.000E+00
     619   3.903E+05        3.461E+05   2.499E+31   3.146E+25   0.000E+00
     620   3.913E+05        3.452E+05   2.475E+31   3.021E+25   0.000E+00
     621   3.923E+05        3.444E+05   2.451E+31   2.901E+25   0.000E+00
     622   3.933E+05        3.435E+05   2.427E+31   2.786E+25   0.000E+00
     623   3.942E+05        3.427E+05   2.404E+31   2.676E+25   0.000E+00
     624   3.952E+05        3.419E+05   2.381E+31   2.571E+25   0.000E+00
     625   3.962E+05        3.411E+05   2.358E+31   2.471E+25   0.000E+00
     626   3.972E+05        3.402E+05   2.335E+31   2.375E+25   0.000E+00
     627   3.982E+05        3.394E+05   2.313E+31   2.283E+25   0.000E+00
     628   3.992E+05        3.386E+05   2.291E+31   2.195E+25   0.000E+00
     629   4.002E+05        3.378E+05   2.269E+31   2.111E+25   0.000E+00
     630   4.012E+05        3.370E+05   2.247E+31   2.031E+25   0.000E+00
     631   4.022E+05        3.362E+05   2.225E+31   1.954E+25   0.000E+00
     632   4.032E+05        3.354E+05   2.204E+31   1.880E+25   0.000E+00
     633   4.042E+05        3.346E+05   2.183E+31   1.809E+25   0.000E+00
     634   4.052E+05        3.338E+05   2.162E+31   1.741E+25   0.000E+00
     635   4.062E+05        3.330E+05   2.142E+31   1.676E+25   0.000E+00
     636   4.072E+05        3.322E+05   2.121E+31   1.614E+25   0.000E+00
     637   4.082E+05        3.314E+05   2.101E+31   1.554E+25   0.000E+00
     638   4.092E+05        3.306E+05   2.081E+31   1.497E+25   0.000E+00
     639   4.102E+05        3.298E+05   2.061E+31   1.442E+25   0.000E+00
     640   4.112E+05        3.290E+05   2.042E+31   1.389E+25   0.000E+00
     641   4.122E+05        3.282E+05   2.022E+31   1.339E+25   0.000E+00
     642   4.132E+05        3.274E+05   2.003E+31   1.290E+25   0.000E+00
     643   4.142E+05        3.267E+05   1.984E+31   1.244E+25   0.000E+00
     644   4.152E+05        3.259E+05   1.965E+31   1.199E+25   0.000E+00
     645   4.162E+05        3.251E+05   1.947E+31   1.156E+25   0.000E+00
     646   4.172E+05        3.243E+05   1.928E+31   1.115E+25   0.000E+00
     647   4.182E+05        3.236E+05   1.910E+31   1.076E+25   0.000E+00
     648   4.192E+05        3.228E+05   1.892E+31   1.038E+25   0.000E+00
     649   4.202E+05        3.220E+05   1.874E+31   1.001E+25   0.000E+00
     650   4.212E+05        3.213E+05   1.856E+31   9.661E+24   0.000E+00
     651   4.222E+05        3.205E+05   1.839E+31   9.324E+24   0.000E+00
     652   4.232E+05        3.198E+05   1.822E+31   8.999E+24   0.000E+00
     653   4.242E+05        3.190E+05   1.804E+31   8.688E+24   0.000E+00
     654   4.252E+05        3.182E+05   1.788E+31   8.388E+24   0.000E+00
     655   4.262E+05        3.175E+05   1.771E+31   8.099E+24   0.000E+00
     656   4.272E+05        3.167E+05   1.754E+31   7.821E+24   0.000E+00
     657   4.282E+05        3.160E+05   1.738E+31   7.554E+24   0.000E+00
     658   4.292E+05        3.153E+05   1.721E+31   7.297E+24   0.000E+00
     659   4.302E+05        3.145E+05   1.705E+31   7.049E+24   0.000E+00
     660   4.312E+05        3.138E+05   1.689E+31   6.811E+24   0.000E+00
     661   4.322E+05        3.130E+05   1.673E+31   6.581E+24   0.000E+00
     662   4.332E+05        3.123E+05   1.658E+31   6.360E+24   0.000E+00
     663   4.342E+05        3.116E+05   1.642E+31   6.147E+24   0.000E+00
     664   4.352E+05        3.109E+05   1.627E+31   5.942E+24   0.000E+00
     665   4.362E+05        3.101E+05   1.612E+31   5.744E+24   0.000E+00
     666   4.372E+05        3.094E+05   1.597E+31   5.553E+24   0.000E+00
     667   4.382E+05        3.087E+05   1.582E+31   5.369E+24   0.000E+00
     668   4.392E+05        3.080E+05   1.567E+31   5.192E+24   0.000E+00
     669   4.402E+05        3.072E+05   1.553E+31   5.021E+24   0.000E+00
     670   4.412E+05        3.065E+05   1.538E+31   4.856E+24   0.000E+00
     671   4.422E+05        3.058E+05   1.524E+31   4.697E+24   0.000E+00
     672   4.432E+05        3.051E+05   1.510E+31   4.543E+24   0.000E+00
     673   4.442E+05        3.044E+05   1.496E+31   4.395E+24   0.000E+00
     674   4.452E+05        3.037E+05   1.482E+31   4.252E+24   0.000E+00
     675   4.462E+05        3.030E+05   1.468E+31   4.114E+24   0.000E+00
     676   4.472E+05        3.023E+05   1.455E+31   3.981E+24   0.000E+00
     677   4.482E+05        3.016E+05   1.441E+31   3.853E+24   0.000E+00
     678   4.491E+05        3.009E+05   1.428E+31   3.728E+24   0.000E+00
     679   4.501E+05        3.002E+05   1.415E+31   3.609E+24   0.000E+00
     680   4.511E+05        2.995E+05   1.402E+31   3.493E+24   0.000E+00
     681   4.521E+05        2.988E+05   1.389E+31   3.381E+24   0.000E+00
     682   4.531E+05        2.981E+05   1.376E+31   3.273E+24   0.000E+00
     683   4.541E+05        2.974E+05   1.363E+31   3.169E+24   0.000E+00
     684   4.551E+05        2.967E+05   1.351E+31   3.068E+24   0.000E+00
     685   4.561E+05        2.960E+05   1.339E+31   2.970E+24   0.000E+00
     686   4.571E+05        2.954E+05   1.326E+31   2.876E+24   0.000E+00
     687   4.581E+05        2.947E+05   1.314E+31   2.785E+24   0.000E+00
     688   4.591E+05        2.940E+05   1.302E+31   2.697E+24   0.000E+00
     689   4.601E+05        2.933E+05   1.290E+31   2.612E+24   0.000E+00
     690   4.611E+05        2.927E+05   1.278E+31   2.529E+24   0.000E+00
     691   4.621E+05        2.920E+05   1.267E+31   2.450E+24   0.000E+00
     692   4.631E+05        2.913E+05   1.255E+31   2.373E+24   0.000E+00
     693   4.641E+05        2.907E+05   1.244E+31   2.298E+24   0.000E+00
     694   4.651E+05        2.900E+05   1.232E+31   2.226E+24   0.000E+00
     695   4.661E+05        2.893E+05   1.221E+31   2.157E+24   0.000E+00
     696   4.671E+05        2.887E+05   1.210E+31   2.089E+24   0.000E+00
     697   4.681E+05        2.880E+05   1.199E+31   2.024E+24   0.000E+00
     698   4.691E+05        2.873E+05   1.188E+31   1.961E+24   0.000E+00
     699   4.701E+05        2.867E+05   1.177E+31   1.900E+24   0.000E+00
     700   4.711E+05        2.860E+05   1.167E+31   1.841E+24   0.000E+00
     701   4.721E+05        2.854E+05   1.156E+31   1.784E+24   0.000E+00
     702   4.731E+05        2.847E+05   1.145E+31   1.729E+24   0.000E+00
     703   4.741E+05        2.841E+05   1.135E+31   1.675E+24   0.000E+00
     704   4.751E+05        2.834E+05   1.125E+31   1.623E+24   0.000E+00
     705   4.761E+05        2.828E+05   1.115E+31   1.573E+24   0.000E+00
     706   4.771E+05        2.822E+05   1.105E+31   1.525E+24   0.000E+00
     707   4.781E+05        2.815E+05   1.095E+31   1.478E+24   0.000E+00
     708   4.791E+05        2.809E+05   1.085E+31   1.432E+24   0.000E+00
     709   4.801E+05        2.802E+05   1.075E+31   1.388E+24   0.000E+00
     710   4.811E+05        2.796E+05   1.065E+31   1.345E+24   0.000E+00
     711   4.821E+05        2.790E+05   1.056E+31   1.304E+24   0.000E+00
     712   4.831E+05        2.784E+05   1.046E+31   1.264E+24   0.000E+00
     713   4.841E+05        2.777E+05   1.037E+31   1.225E+24   0.000E+00
     714   4.851E+05        2.771E+05   1.027E+31   1.188E+24   0.000E+00
     715   4.861E+05        2.765E+05   1.018E+31   1.151E+24   0.000E+00
     716   4.871E+05        2.758E+05   1.009E+31   1.116E+24   0.000E+00
     717   4.881E+05        2.752E+05   9.999E+30   1.082E+24   0.000E+00
     718   4.891E+05        2.746E+05   9.909E+30   1.049E+24   0.000E+00
     719   4.901E+05        2.740E+05   9.821E+30   1.017E+24   0.000E+00
     720   4.911E+05        2.734E+05   9.733E+30   9.860E+23   0.000E+00
     721   4.921E+05        2.728E+05   9.646E+30   9.559E+23   0.000E+00
     722   4.931E+05        2.721E+05   9.559E+30   9.268E+23   0.000E+00
     723   4.941E+05        2.715E+05   9.474E+30   8.986E+23   0.000E+00
     724   4.951E+05        2.709E+05   9.389E+30   8.713E+23   0.000E+00
     725   4.961E+05        2.703E+05   9.306E+30   8.448E+23   0.000E+00
     726   4.971E+05        2.697E+05   9.223E+30   8.192E+23   0.000E+00
     727   4.981E+05        2.691E+05   9.140E+30   7.943E+23   0.000E+00
     728   4.991E+05        2.685E+05   9.059E+30   7.703E+23   0.000E+00
     729   5.001E+05        2.679E+05   8.978E+30   7.469E+23   0.000E+00
     730   5.011E+05        2.673E+05   8.899E+30   7.243E+23   0.000E+00
     731   5.021E+05        2.667E+05   8.819E+30   7.024E+23   0.000E+00
     732   5.031E+05        2.661E+05   8.741E+30   6.811E+23   0.000E+00
     733   5.040E+05        2.655E+05   8.664E+30   6.606E+23   0.000E+00
     734   5.050E+05        2.649E+05   8.587E+30   6.406E+23   0.000E+00
     735   5.060E+05        2.644E+05   8.511E+30   6.213E+23   0.000E+00
     736   5.070E+05        2.638E+05   8.435E+30   6.025E+23   0.000E+00
     737   5.080E+05        2.632E+05   8.361E+30   5.844E+23   0.000E+00
     738   5.090E+05        2.626E+05   8.287E+30   5.668E+23   0.000E+00
     739   5.100E+05        2.620E+05   8.213E+30   5.497E+23   0.000E+00
     740   5.110E+05        2.614E+05   8.141E+30   5.331E+23   0.000E+00
     741   5.120E+05        2.609E+05   8.069E+30   5.171E+23   0.000E+00
     742   5.130E+05        2.603E+05   7.998E+30   5.015E+23   0.000E+00
     743   5.140E+05        2.597E+05   7.927E+30   4.865E+23   0.000E+00
     744   5.150E+05        2.591E+05   7.857E+30   4.719E+23   0.000E+00
     745   5.160E+05        2.586E+05   7.788E+30   4.577E+23   0.000E+00
     746   5.170E+05        2.580E+05   7.720E+30   4.440E+23   0.000E+00
     747   5.180E+05        2.574E+05   7.652E+30   4.306E+23   0.000E+00
     748   5.190E+05        2.569E+05   7.585E+30   4.177E+23   0.000E+00
     749   5.200E+05        2.563E+05   7.518E+30   4.052E+23   0.000E+00
     750   5.210E+05        2.557E+05   7.452E+30   3.931E+23   0.000E+00
     751   5.220E+05        2.552E+05   7.387E+30   3.813E+23   0.000E+00
     752   5.230E+05        2.546E+05   7.322E+30   3.699E+23   0.000E+00
     753   5.240E+05        2.540E+05   7.258E+30   3.588E+23   0.000E+00
     754   5.250E+05        2.535E+05   7.194E+30   3.481E+23   0.000E+00
     755   5.260E+05        2.529E+05   7.131E+30   3.377E+23   0.000E+00
     756   5.270E+05        2.524E+05   7.069E+30   3.276E+23   0.000E+00
     757   5.280E+05        2.518E+05   7.007E+30   3.178E+23   0.000E+00
     758   5.290E+05        2.513E+05   6.946E+30   3.084E+23   0.000E+00
     759   5.300E+05        2.507E+05   6.886E+30   2.992E+23   0.000E+00
     760   5.310E+05        2.502E+05   6.825E+30   2.902E+23   0.000E+00
     761   5.320E+05        2.496E+05   6.766E+30   2.816E+23   0.000E+00
     762   5.330E+05        2.491E+05   6.707E+30   2.732E+23   0.000E+00
     763   5.340E+05        2.485E+05   6.649E+30   2.651E+23   0.000E+00
     764   5.350E+05        2.480E+05   6.591E+30   2.572E+23   0.000E+00
     765   5.360E+05        2.475E+05   6.534E+30   2.495E+23   0.000E+00
     766   5.370E+05        2.469E+05   6.477E+30   2.421E+23   0.000E+00
     767   5.380E+05        2.464E+05   6.421E+30   2.349E+23   0.000E+00
     768   5.390E+05        2.458E+05   6.365E+30   2.279E+23   0.000E+00
     769   5.400E+05        2.453E+05   6.310E+30   2.212E+23   0.000E+00
     770   5.410E+05        2.448E+05   6.255E+30   2.146E+23   0.000E+00
     771   5.420E+05        2.442E+05   6.201E+30   2.082E+23   0.000E+00
     772   5.430E+05        2.437E+05   6.147E+30   2.020E+23   0.000E+00
     773   5.440E+05        2.432E+05   6.094E+30   1.961E+23   0.000E+00
     774   5.450E+05        2.427E+05   6.041E+30   1.902E+23   0.000E+00
     775   5.460E+05        2.421E+05   5.989E+30   1.846E+23   0.000E+00
     776   5.470E+05        2.416E+05   5.937E+30   1.791E+23   0.000E+00
     777   5.480E+05        2.411E+05   5.886E+30   1.738E+23   0.000E+00
     778   5.490E+05        2.406E+05   5.835E+30   1.687E+23   0.000E+00
     779   5.500E+05        2.400E+05   5.785E+30   1.637E+23   0.000E+00
     780   5.510E+05        2.395E+05   5.735E+30   1.589E+23   0.000E+00
     781   5.520E+05        2.390E+05   5.686E+30   1.542E+23   0.000E+00
     782   5.530E+05        2.385E+05   5.637E+30   1.496E+23   0.000E+00
     783   5.540E+05        2.380E+05   5.589E+30   1.452E+23   0.000E+00
     784   5.550E+05        2.375E+05   5.541E+30   1.409E+23   0.000E+00
     785   5.560E+05        2.369E+05   5.493E+30   1.367E+23   0.000E+00
     786   5.570E+05        2.364E+05   5.446E+30   1.327E+23   0.000E+00
     787   5.580E+05        2.359E+05   5.399E+30   1.288E+23   0.000E+00
     788   5.589E+05        2.354E+05   5.353E+30   1.250E+23   0.000E+00
     789   5.599E+05        2.349E+05   5.307E+30   1.213E+23   0.000E+00
     790   5.609E+05        2.344E+05   5.262E+30   1.177E+23   0.000E+00
     791   5.619E+05        2.339E+05   5.217E+30   1.143E+23   0.000E+00
     792   5.629E+05        2.334E+05   5.172E+30   1.109E+23   0.000E+00
     793   5.639E+05        2.329E+05   5.128E+30   1.076E+23   0.000E+00
     794   5.649E+05        2.324E+05   5.084E+30   1.045E+23   0.000E+00
     795   5.659E+05        2.319E+05   5.040E+30   1.014E+23   0.000E+00
     796   5.669E+05        2.314E+05   4.997E+30   9.841E+22   0.000E+00
     797   5.679E+05        2.309E+05   4.955E+30   9.551E+22   0.000E+00
     798   5.689E+05        2.304E+05   4.913E+30   9.271E+22   0.000E+00
     799   5.699E+05        2.299E+05   4.871E+30   8.998E+22   0.000E+00
     800   5.709E+05        2.294E+05   4.829E+30   8.734E+22   0.000E+00
     801   5.719E+05        2.290E+05   4.788E+30   8.477E+22   0.000E+00
     802   5.729E+05        2.285E+05   4.747E+30   8.228E+22   0.000E+00
     803   5.739E+05        2.280E+05   4.707E+30   7.987E+22   0.000E+00
     804   5.749E+05        2.275E+05   4.667E+30   7.753E+22   0.000E+00
     805   5.759E+05        2.270E+05   4.628E+30   7.525E+22   0.000E+00
     806   5.769E+05        2.265E+05   4.588E+30   7.304E+22   0.000E+00
     807   5.779E+05        2.260E+05   4.549E+30   7.090E+22   0.000E+00
     808   5.789E+05        2.256E+05   4.511E+30   6.883E+22   0.000E+00
     809   5.799E+05        2.251E+05   4.473E+30   6.681E+22   0.000E+00
     810   5.809E+05        2.246E+05   4.435E+30   6.485E+22   0.000E+00
     811   5.819E+05        2.241E+05   4.397E+30   6.295E+22   0.000E+00
     812   5.829E+05        2.237E+05   4.360E+30   6.111E+22   0.000E+00
     813   5.839E+05        2.232E+05   4.323E+30   5.932E+22   0.000E+00
     814   5.849E+05        2.227E+05   4.287E+30   5.759E+22   0.000E+00
     815   5.859E+05        2.222E+05   4.250E+30   5.590E+22   0.000E+00
     816   5.869E+05        2.218E+05   4.215E+30   5.427E+22   0.000E+00
     817   5.879E+05        2.213E+05   4.179E+30   5.269E+22   0.000E+00
     818   5.889E+05        2.208E+05   4.144E+30   5.116E+22   0.000E+00
     819   5.899E+05        2.204E+05   4.109E+30   4.968E+22   0.000E+00
     820   5.909E+05        2.199E+05   4.075E+30   4.824E+22   0.000E+00
     821   5.919E+05        2.194E+05   4.041E+30   4.684E+22   0.000E+00
     822   5.929E+05        2.190E+05   4.008E+30   4.549E+22   0.000E+00
     823   5.939E+05        2.185E+05   3.974E+30   4.418E+22   0.000E+00
     824   5.949E+05        2.181E+05   3.941E+30   4.290E+22   0.000E+00
     825   5.959E+05        2.176E+05   3.909E+30   4.167E+22   0.000E+00
     826   5.969E+05        2.172E+05   3.876E+30   4.048E+22   0.000E+00
     827   5.979E+05        2.167E+05   3.844E+30   3.932E+22   0.000E+00
     828   5.989E+05        2.163E+05   3.813E+30   3.819E+22   0.000E+00
     829   5.999E+05        2.158E+05   3.782E+30   3.710E+22   0.000E+00
     830   6.009E+05        2.154E+05   3.751E+30   3.604E+22   0.000E+00
     831   6.019E+05        2.149E+05   3.720E+30   3.502E+22   0.000E+00
     832   6.029E+05        2.145E+05   3.689E+30   3.402E+22   0.000E+00
     833   6.039E+05        2.141E+05   3.659E+30   3.306E+22   0.000E+00
     834   6.049E+05        2.136E+05   3.630E+30   3.212E+22   0.000E+00
     835   6.059E+05        2.132E+05   3.600E+30   3.121E+22   0.000E+00
     836   6.069E+05        2.128E+05   3.571E+30   3.033E+22   0.000E+00
     837   6.079E+05        2.123E+05   3.542E+30   2.947E+22   0.000E+00
     838   6.089E+05        2.119E+05   3.513E+30   2.881E+22   0.000E+00
     839   6.099E+05        2.115E+05   3.485E+30   2.904E+22   0.000E+00
     840   6.109E+05        2.110E+05   3.457E+30   2.924E+22   0.000E+00
     841   6.119E+05        2.106E+05   3.429E+30   2.942E+22   0.000E+00
     842   6.129E+05        2.102E+05   3.401E+30   2.959E+22   0.000E+00
     843   6.138E+05        2.098E+05   3.374E+30   2.974E+22   0.000E+00
     844   6.148E+05        2.093E+05   3.346E+30   2.988E+22   0.000E+00
     845   6.158E+05        2.089E+05   3.319E+30   3.001E+22   0.000E+00
     846   6.168E+05        2.085E+05   3.293E+30   3.012E+22   0.000E+00
     847   6.178E+05        2.081E+05   3.266E+30   3.022E+22   0.000E+00
     848   6.188E+05        2.076E+05   3.240E+30   3.031E+22   0.000E+00
     849   6.198E+05        2.072E+05   3.214E+30   3.039E+22   0.000E+00
     850   6.208E+05        2.068E+05   3.188E+30   3.045E+22   0.000E+00
     851   6.218E+05        2.064E+05   3.162E+30   3.051E+22   0.000E+00
     852   6.228E+05        2.060E+05   3.137E+30   3.055E+22   0.000E+00
     853   6.238E+05        2.056E+05   3.111E+30   3.058E+22   0.000E+00
     854   6.248E+05        2.051E+05   3.086E+30   3.061E+22   0.000E+00
     855   6.258E+05        2.047E+05   3.061E+30   3.062E+22   0.000E+00
     856   6.268E+05        2.043E+05   3.037E+30   3.062E+22   0.000E+00
     857   6.278E+05        2.039E+05   3.012E+30   3.061E+22   0.000E+00
     858   6.288E+05        2.035E+05   2.988E+30   3.059E+22   0.000E+00
     859   6.298E+05        2.031E+05   2.964E+30   3.056E+22   0.000E+00
     860   6.308E+05        2.027E+05   2.940E+30   3.052E+22   0.000E+00
     861   6.318E+05        2.023E+05   2.917E+30   3.047E+22   0.000E+00
     862   6.328E+05        2.019E+05   2.893E+30   3.041E+22   0.000E+00
     863   6.338E+05        2.014E+05   2.870E+30   3.034E+22   0.000E+00
     864   6.348E+05        2.010E+05   2.847E+30   3.026E+22   0.000E+00
     865   6.358E+05        2.006E+05   2.824E+30   3.017E+22   0.000E+00
     866   6.368E+05        2.002E+05   2.801E+30   3.007E+22   0.000E+00
     867   6.378E+05        1.998E+05   2.779E+30   2.996E+22   0.000E+00
     868   6.388E+05        1.994E+05   2.756E+30   2.984E+22   0.000E+00
     869   6.398E+05        1.990E+05   2.734E+30   2.972E+22   0.000E+00
     870   6.408E+05        1.986E+05   2.712E+30   2.958E+22   0.000E+00
     871   6.418E+05        1.982E+05   2.690E+30   2.944E+22   0.000E+00
     872   6.428E+05        1.978E+05   2.669E+30   2.928E+22   0.000E+00
     873   6.438E+05        1.974E+05   2.647E+30   2.912E+22   0.000E+00
     874   6.448E+05        1.970E+05   2.626E+30   2.895E+22   0.000E+00
     875   6.458E+05        1.966E+05   2.605E+30   2.877E+22   0.000E+00
     876   6.468E+05        1.962E+05   2.584E+30   2.858E+22   0.000E+00
     877   6.478E+05        1.958E+05   2.564E+30   2.839E+22   0.000E+00
     878   6.488E+05        1.955E+05   2.543E+30   2.819E+22   0.000E+00
     879   6.498E+05        1.951E+05   2.523E+30   2.798E+22   0.000E+00
     880   6.508E+05        1.947E+05   2.502E+30   2.777E+22   0.000E+00
     881   6.518E+05        1.943E+05   2.482E+30   2.755E+22   0.000E+00
     882   6.528E+05        1.939E+05   2.463E+30   2.732E+22   0.000E+00
     883   6.538E+05        1.935E+05   2.443E+30   2.708E+22   0.000E+00
     884   6.548E+05        1.931E+05   2.423E+30   2.684E+22   0.000E+00
     885   6.558E+05        1.927E+05   2.404E+30   2.660E+22   0.000E+00
     886   6.568E+05        1.923E+05   2.385E+30   2.635E+22   0.000E+00
     887   6.578E+05        1.919E+05   2.366E+30   2.609E+22   0.000E+00
     888   6.588E+05        1.916E+05   2.347E+30   2.583E+22   0.000E+00
     889   6.598E+05        1.912E+05   2.328E+30   2.557E+22   0.000E+00
     890   6.608E+05        1.908E+05   2.309E+30   2.530E+22   0.000E+00
     891   6.618E+05        1.904E+05   2.291E+30   2.502E+22   0.000E+00
     892   6.628E+05        1.900E+05   2.272E+30   2.475E+22   0.000E+00
     893   6.638E+05        1.897E+05   2.254E+30   2.447E+22   0.000E+00
     894   6.648E+05        1.893E+05   2.236E+30   2.418E+22   0.000E+00
     895   6.658E+05        1.889E+05   2.218E+30   2.390E+22   0.000E+00
     896   6.668E+05        1.885E+05   2.201E+30   2.361E+22   0.000E+00
     897   6.677E+05        1.881E+05   2.183E+30   2.332E+22   0.000E+00
     898   6.687E+05        1.878E+05   2.166E+30   2.302E+22   0.000E+00
     899   6.697E+05        1.874E+05   2.148E+30   2.273E+22   0.000E+00
     900   6.707E+05        1.870E+05   2.131E+30   2.243E+22   0.000E+00
     901   6.717E+05        1.866E+05   2.114E+30   2.213E+22   0.000E+00
     902   6.727E+05        1.863E+05   2.097E+30   2.183E+22   0.000E+00
     903   6.737E+05        1.859E+05   2.081E+30   2.153E+22   0.000E+00
     904   6.747E+05        1.855E+05   2.064E+30   2.122E+22   0.000E+00
     905   6.757E+05        1.851E+05   2.048E+30   2.092E+22   0.000E+00
     906   6.767E+05        1.848E+05   2.031E+30   2.062E+22   0.000E+00
     907   6.777E+05        1.844E+05   2.015E+30   2.031E+22   0.000E+00
     908   6.787E+05        1.840E+05   1.999E+30   2.001E+22   0.000E+00
     909   6.797E+05        1.837E+05   1.983E+30   1.970E+22   0.000E+00
     910   6.807E+05        1.833E+05   1.967E+30   1.940E+22   0.000E+00
     911   6.817E+05        1.829E+05   1.952E+30   1.910E+22   0.000E+00
     912   6.827E+05        1.826E+05   1.936E+30   1.879E+22   0.000E+00
     913   6.837E+05        1.822E+05   1.921E+30   1.849E+22   0.000E+00
     914   6.847E+05        1.818E+05   1.905E+30   1.819E+22   0.000E+00
     915   6.857E+05        1.815E+05   1.890E+30   1.789E+22   0.000E+00
     916   6.867E+05        1.811E+05   1.875E+30   1.759E+22   0.000E+00
     917   6.877E+05        1.808E+05   1.860E+30   1.729E+22   0.000E+00
     918   6.887E+05        1.804E+05   1.845E+30   1.699E+22   0.000E+00
     919   6.897E+05        1.800E+05   1.831E+30   1.670E+22   0.000E+00
     920   6.907E+05        1.797E+05   1.816E+30   1.641E+22   0.000E+00
     921   6.917E+05        1.793E+05   1.802E+30   1.611E+22   0.000E+00
     922   6.927E+05        1.790E+05   1.787E+30   1.583E+22   0.000E+00
     923   6.937E+05        1.786E+05   1.773E+30   1.554E+22   0.000E+00
     924   6.947E+05        1.782E+05   1.759E+30   1.525E+22   0.000E+00
     925   6.957E+05        1.779E+05   1.745E+30   1.497E+22   0.000E+00
     926   6.967E+05        1.775E+05   1.731E+30   1.469E+22   0.000E+00
     927   6.977E+05        1.772E+05   1.717E+30   1.441E+22   0.000E+00
     928   6.987E+05        1.768E+05   1.704E+30   1.414E+22   0.000E+00
     929   6.997E+05        1.765E+05   1.690E+30   1.386E+22   0.000E+00
     930   7.007E+05        1.761E+05   1.677E+30   1.359E+22   0.000E+00
     931   7.017E+05        1.758E+05   1.663E+30   1.333E+22   0.000E+00
     932   7.027E+05        1.754E+05   1.650E+30   1.306E+22   0.000E+00
     933   7.037E+05        1.751E+05   1.637E+30   1.280E+22   0.000E+00
     934   7.047E+05        1.747E+05   1.624E+30   1.254E+22   0.000E+00
     935   7.057E+05        1.744E+05   1.611E+30   1.228E+22   0.000E+00
     936   7.067E+05        1.740E+05   1.598E+30   1.203E+22   0.000E+00
     937   7.077E+05        1.737E+05   1.586E+30   1.178E+22   0.000E+00
     938   7.087E+05        1.733E+05   1.573E+30   1.153E+22   0.000E+00
     939   7.097E+05        1.730E+05   1.560E+30   1.129E+22   0.000E+00
     940   7.107E+05        1.726E+05   1.548E+30   1.105E+22   0.000E+00
     941   7.117E+05        1.723E+05   1.536E+30   1.081E+22   0.000E+00
     942   7.127E+05        1.720E+05   1.524E+30   1.058E+22   0.000E+00
     943   7.137E+05        1.716E+05   1.511E+30   1.035E+22   0.000E+00
     944   7.147E+05        1.713E+05   1.499E+30   1.012E+22   0.000E+00
     945   7.157E+05        1.709E+05   1.487E+30   9.897E+21   0.000E+00
     946   7.167E+05        1.706E+05   1.476E+30   9.676E+21   0.000E+00
     947   7.177E+05        1.702E+05   1.464E+30   9.459E+21   0.000E+00
     948   7.187E+05        1.699E+05   1.452E+30   9.244E+21   0.000E+00
     949   7.197E+05        1.696E+05   1.441E+30   9.033E+21   0.000E+00
     950   7.207E+05        1.692E+05   1.429E+30   8.826E+21   0.000E+00
     951   7.217E+05        1.689E+05   1.418E+30   8.621E+21   0.000E+00
     952   7.226E+05        1.686E+05   1.407E+30   8.420E+21   0.000E+00
     953   7.236E+05        1.682E+05   1.396E+30   8.222E+21   0.000E+00
     954   7.246E+05        1.679E+05   1.384E+30   8.028E+21   0.000E+00
     955   7.256E+05        1.676E+05   1.374E+30   7.837E+21   0.000E+00
     956   7.266E+05        1.672E+05   1.363E+30   7.649E+21   0.000E+00
     957   7.276E+05        1.669E+05   1.352E+30   7.464E+21   0.000E+00
     958   7.286E+05        1.666E+05   1.341E+30   7.283E+21   0.000E+00
     959   7.296E+05        1.662E+05   1.330E+30   7.105E+21   0.000E+00
     960   7.306E+05        1.659E+05   1.320E+30   6.930E+21   0.000E+00
     961   7.316E+05        1.656E+05   1.309E+30   6.759E+21   0.000E+00
     962   7.326E+05        1.652E+05   1.299E+30   6.590E+21   0.000E+00
     963   7.336E+05        1.649E+05   1.289E+30   6.425E+21   0.000E+00
     964   7.346E+05        1.646E+05   1.278E+30   6.263E+21   0.000E+00
     965   7.356E+05        1.642E+05   1.268E+30   6.104E+21   0.000E+00
     966   7.366E+05        1.639E+05   1.258E+30   5.948E+21   0.000E+00
     967   7.376E+05        1.636E+05   1.248E+30   5.795E+21   0.000E+00
     968   7.386E+05        1.633E+05   1.238E+30   5.645E+21   0.000E+00
     969   7.396E+05        1.629E+05   1.228E+30   5.498E+21   0.000E+00
     970   7.406E+05        1.626E+05   1.219E+30   5.354E+21   0.000E+00
     971   7.416E+05        1.623E+05   1.209E+30   5.213E+21   0.000E+00
     972   7.426E+05        1.620E+05   1.199E+30   5.075E+21   0.000E+00
     973   7.436E+05        1.617E+05   1.190E+30   4.940E+21   0.000E+00
     974   7.446E+05        1.613E+05   1.180E+30   4.808E+21   0.000E+00
     975   7.456E+05        1.610E+05   1.171E+30   4.678E+21   0.000E+00
     976   7.466E+05        1.607E+05   1.162E+30   4.552E+21   0.000E+00
     977   7.476E+05        1.604E+05   1.153E+30   4.428E+21   0.000E+00
     978   7.486E+05        1.600E+05   1.143E+30   4.306E+21   0.000E+00
     979   7.496E+05        1.597E+05   1.134E+30   4.188E+21   0.000E+00
     980   7.506E+05        1.594E+05   1.125E+30   4.072E+21   0.000E+00
     981   7.516E+05        1.591E+05   1.116E+30   3.958E+21   0.000E+00
     982   7.526E+05        1.588E+05   1.108E+30   3.848E+21   0.000E+00
     983   7.536E+05        1.585E+05   1.099E+30   3.739E+21   0.000E+00
     984   7.546E+05        1.581E+05   1.090E+30   3.633E+21   0.000E+00
     985   7.556E+05        1.578E+05   1.081E+30   3.530E+21   0.000E+00
     986   7.566E+05        1.575E+05   1.073E+30   3.429E+21   0.000E+00
     987   7.576E+05        1.572E+05   1.064E+30   3.331E+21   0.000E+00
     988   7.586E+05        1.569E+05   1.056E+30   3.234E+21   0.000E+00
     989   7.596E+05        1.566E+05   1.047E+30   3.140E+21   0.000E+00
     990   7.606E+05        1.563E+05   1.039E+30   3.049E+21   0.000E+00
     991   7.616E+05        1.560E+05   1.031E+30   2.959E+21   0.000E+00
     992   7.626E+05        1.556E+05   1.023E+30   2.872E+21   0.000E+00
     993   7.636E+05        1.553E+05   1.015E+30   2.787E+21   0.000E+00
     994   7.646E+05        1.550E+05   1.006E+30   2.704E+21   0.000E+00
     995   7.656E+05        1.547E+05   9.985E+29   2.623E+21   0.000E+00
     996   7.666E+05        1.544E+05   9.906E+29   2.544E+21   0.000E+00
     997   7.676E+05        1.541E+05   9.827E+29   2.467E+21   0.000E+00
     998   7.686E+05        1.538E+05   9.749E+29   2.392E+21   0.000E+00
     999   7.696E+05        1.535E+05   9.671E+29   2.319E+21   0.000E+00
    1000   7.706E+05        1.532E+05   9.594E+29   2.248E+21   0.000E+00
    1001   7.716E+05        1.529E+05   9.518E+29   2.178E+21   0.000E+00
    1002   7.726E+05        1.526E+05   9.442E+29   2.111E+21   0.000E+00
    1003   7.736E+05        1.523E+05   9.367E+29   2.045E+21   0.000E+00
    1004   7.746E+05        1.520E+05   9.293E+29   1.981E+21   0.000E+00
    1005   7.756E+05        1.517E+05   9.219E+29   1.919E+21   0.000E+00
    1006   7.766E+05        1.514E+05   9.146E+29   1.858E+21   0.000E+00
    1007   7.775E+05        1.511E+05   9.073E+29   1.799E+21   0.000E+00
    1008   7.785E+05        1.508E+05   9.001E+29   1.742E+21   0.000E+00
    1009   7.795E+05        1.505E+05   8.929E+29   1.686E+21   0.000E+00
    1010   7.805E+05        1.502E+05   8.858E+29   1.632E+21   0.000E+00
    1011   7.815E+05        1.499E+05   8.787E+29   1.579E+21   0.000E+00
    1012   7.825E+05        1.496E+05   8.717E+29   1.528E+21   0.000E+00
    1013   7.835E+05        1.493E+05   8.648E+29   1.478E+21   0.000E+00
    1014   7.845E+05        1.490E+05   8.579E+29   1.429E+21   0.000E+00
    1015   7.855E+05        1.487E+05   8.511E+29   1.382E+21   0.000E+00
    1016   7.865E+05        1.484E+05   8.443E+29   1.336E+21   0.000E+00
    1017   7.875E+05        1.481E+05   8.376E+29   1.292E+21   0.000E+00
    1018   7.885E+05        1.478E+05   8.309E+29   1.249E+21   0.000E+00
    1019   7.895E+05        1.475E+05   8.243E+29   1.207E+21   0.000E+00
    1020   7.905E+05        1.472E+05   8.177E+29   1.166E+21   0.000E+00
    1021   7.915E+05        1.469E+05   8.112E+29   1.127E+21   0.000E+00
    1022   7.925E+05        1.466E+05   8.047E+29   1.088E+21   0.000E+00
    1023   7.935E+05        1.463E+05   7.983E+29   1.051E+21   0.000E+00
    1024   7.945E+05        1.460E+05   7.920E+29   1.015E+21   0.000E+00
    1025   7.955E+05        1.457E+05   7.856E+29   9.801E+20   0.000E+00
    1026   7.965E+05        1.454E+05   7.794E+29   9.462E+20   0.000E+00
    1027   7.975E+05        1.451E+05   7.732E+29   9.133E+20   0.000E+00
    1028   7.985E+05        1.448E+05   7.670E+29   8.814E+20   0.000E+00
    1029   7.995E+05        1.446E+05   7.609E+29   8.504E+20   0.000E+00
    1030   8.005E+05        1.443E+05   7.548E+29   8.205E+20   0.000E+00
    1031   8.015E+05        1.440E+05   7.488E+29   7.914E+20   0.000E+00
    1032   8.025E+05        1.437E+05   7.428E+29   7.633E+20   0.000E+00
    1033   8.035E+05        1.434E+05   7.368E+29   7.361E+20   0.000E+00
    1034   8.045E+05        1.431E+05   7.310E+29   7.097E+20   0.000E+00
    1035   8.055E+05        1.428E+05   7.251E+29   6.841E+20   0.000E+00
    1036   8.065E+05        1.425E+05   7.193E+29   6.594E+20   0.000E+00
    1037   8.075E+05        1.423E+05   7.136E+29   6.354E+20   0.000E+00
    1038   8.085E+05        1.420E+05   7.079E+29   6.123E+20   0.000E+00
    1039   8.095E+05        1.417E+05   7.022E+29   5.898E+20   0.000E+00
    1040   8.105E+05        1.414E+05   6.966E+29   5.681E+20   0.000E+00
    1041   8.115E+05        1.411E+05   6.910E+29   5.472E+20   0.000E+00
    1042   8.125E+05        1.408E+05   6.855E+29   5.269E+20   0.000E+00
    1043   8.135E+05        1.405E+05   6.800E+29   5.072E+20   0.000E+00
    1044   8.145E+05        1.403E+05   6.746E+29   4.883E+20   0.000E+00
    1045   8.155E+05        1.400E+05   6.692E+29   4.699E+20   0.000E+00
    1046   8.165E+05        1.397E+05   6.638E+29   4.522E+20   0.000E+00
    1047   8.175E+05        1.394E+05   6.585E+29   4.351E+20   0.000E+00
    1048   8.185E+05        1.391E+05   6.532E+29   4.185E+20   0.000E+00
    1049   8.195E+05        1.389E+05   6.480E+29   4.026E+20   0.000E+00
    1050   8.205E+05        1.386E+05   6.428E+29   3.871E+20   0.000E+00
    1051   8.215E+05        1.383E+05   6.376E+29   3.722E+20   0.000E+00
    1052   8.225E+05        1.380E+05   6.325E+29   3.578E+20   0.000E+00
    1053   8.235E+05        1.378E+05   6.274E+29   3.439E+20   0.000E+00
    1054   8.245E+05        1.375E+05   6.224E+29   3.305E+20   0.000E+00
    1055   8.255E+05        1.372E+05   6.174E+29   3.176E+20   0.000E+00
    1056   8.265E+05        1.369E+05   6.124E+29   3.051E+20   0.000E+00
    1057   8.275E+05        1.366E+05   6.075E+29   2.931E+20   0.000E+00
    1058   8.285E+05        1.364E+05   6.026E+29   2.815E+20   0.000E+00
    1059   8.295E+05        1.361E+05   5.978E+29   2.703E+20   0.000E+00
    1060   8.305E+05        1.358E+05   5.930E+29   2.595E+20   0.000E+00
    1061   8.315E+05        1.355E+05   5.882E+29   2.491E+20   0.000E+00
    1062   8.324E+05        1.353E+05   5.835E+29   2.391E+20   0.000E+00
    1063   8.334E+05        1.350E+05   5.788E+29   2.295E+20   0.000E+00
    1064   8.344E+05        1.347E+05   5.741E+29   2.202E+20   0.000E+00
    1065   8.354E+05        1.345E+05   5.695E+29   2.112E+20   0.000E+00
    1066   8.364E+05        1.342E+05   5.649E+29   2.026E+20   0.000E+00
    1067   8.374E+05        1.339E+05   5.604E+29   1.943E+20   0.000E+00
    1068   8.384E+05        1.336E+05   5.559E+29   1.863E+20   0.000E+00
    1069   8.394E+05        1.334E+05   5.514E+29   1.786E+20   0.000E+00
    1070   8.404E+05        1.331E+05   5.469E+29   1.712E+20   0.000E+00
    1071   8.414E+05        1.328E+05   5.425E+29   1.641E+20   0.000E+00
    1072   8.424E+05        1.326E+05   5.382E+29   1.572E+20   0.000E+00
    1073   8.434E+05        1.323E+05   5.338E+29   1.506E+20   0.000E+00
    1074   8.444E+05        1.320E+05   5.295E+29   1.443E+20   0.000E+00
    1075   8.454E+05        1.318E+05   5.252E+29   1.382E+20   0.000E+00
    1076   8.464E+05        1.315E+05   5.210E+29   1.323E+20   0.000E+00
    1077   8.474E+05        1.312E+05   5.168E+29   1.267E+20   0.000E+00
    1078   8.484E+05        1.310E+05   5.126E+29   1.213E+20   0.000E+00
    1079   8.494E+05        1.307E+05   5.085E+29   1.161E+20   0.000E+00
    1080   8.504E+05        1.304E+05   5.043E+29   1.111E+20   0.000E+00
    1081   8.514E+05        1.302E+05   5.003E+29   1.063E+20   0.000E+00
    1082   8.524E+05        1.299E+05   4.962E+29   1.017E+20   0.000E+00
    1083   8.534E+05        1.296E+05   4.922E+29   9.731E+19   0.000E+00
    1084   8.544E+05        1.294E+05   4.882E+29   9.307E+19   0.000E+00
    1085   8.554E+05        1.291E+05   4.843E+29   8.901E+19   0.000E+00
    1086   8.564E+05        1.289E+05   4.803E+29   8.510E+19   0.000E+00
    1087   8.574E+05        1.286E+05   4.764E+29   8.136E+19   0.000E+00
    1088   8.584E+05        1.283E+05   4.726E+29   7.777E+19   0.000E+00
    1089   8.594E+05        1.281E+05   4.687E+29   7.433E+19   0.000E+00
    1090   8.604E+05        1.278E+05   4.649E+29   7.103E+19   0.000E+00
    1091   8.614E+05        1.275E+05   4.612E+29   6.786E+19   0.000E+00
    1092   8.624E+05        1.273E+05   4.574E+29   6.483E+19   0.000E+00
    1093   8.634E+05        1.270E+05   4.537E+29   6.192E+19   0.000E+00
    1094   8.644E+05        1.268E+05   4.500E+29   5.914E+19   0.000E+00
    1095   8.654E+05        1.265E+05   4.463E+29   5.647E+19   0.000E+00
    1096   8.664E+05        1.262E+05   4.427E+29   5.392E+19   0.000E+00
    1097   8.674E+05        1.260E+05   4.391E+29   5.147E+19   0.000E+00
    1098   8.684E+05        1.257E+05   4.355E+29   4.913E+19   0.000E+00
    1099   8.694E+05        1.255E+05   4.320E+29   4.689E+19   0.000E+00
    1100   8.704E+05        1.252E+05   4.285E+29   4.475E+19   0.000E+00
    1101   8.714E+05        1.250E+05   4.250E+29   4.270E+19   0.000E+00
    1102   8.724E+05        1.247E+05   4.215E+29   4.074E+19   0.000E+00
    1103   8.734E+05        1.245E+05   4.181E+29   3.886E+19   0.000E+00
    1104   8.744E+05        1.242E+05   4.146E+29   3.706E+19   0.000E+00
    1105   8.754E+05        1.239E+05   4.112E+29   3.535E+19   0.000E+00
