         5       363       111       267

EOS                                                                            

  i            rad           emas         rho         pres          nb           kf(e)      kf(mu)       kf(p)       kf(n)      kf(la)      kf(S-)      kf(S0)      kf(S+)         Tc(n)       Tc(p)      Tc(la)    Durca  nSF   Acel   Aion   Zion

    0   0.000000E+00   0.000000E+00   7.353E+14   9.037E+34   4.096E-01      9.709E-01   8.099E-01   1.131E+00   2.202E+00   0.000E+00   0.000E+00   0.000E+00   0.000E+00      5.235E+08   1.000E+00   1.000E+00   00000  3p2   N/A    N/A    N/A 
    1   2.383498E+03   2.089112E-02   7.144E+14   8.357E+34   3.992E-01      9.546E-01   7.903E-01   1.109E+00   2.187E+00   0.000E+00   0.000E+00   0.000E+00   0.000E+00      5.497E+08   1.000E+00   1.000E+00   00000  3p2   N/A    N/A    N/A 
    2   3.003019E+03   4.127574E-02   7.022E+14   7.972E+34   3.932E-01      9.451E-01   7.788E-01   1.096E+00   2.178E+00   0.000E+00   0.000E+00   0.000E+00   0.000E+00      5.655E+08   1.000E+00   1.000E+00   00000  3p2   N/A    N/A    N/A 
    3   3.437599E+03   6.119865E-02   6.920E+14   7.657E+34   3.881E-01      9.371E-01   7.691E-01   1.085E+00   2.170E+00   0.000E+00   0.000E+00   0.000E+00   0.000E+00      5.790E+08   1.000E+00   1.000E+00   00000  3p2   N/A    N/A    N/A 
    4   3.783567E+03   8.083705E-02   6.829E+14   7.382E+34   3.835E-01      9.300E-01   7.604E-01   1.075E+00   2.162E+00   0.000E+00   0.000E+00   0.000E+00   0.000E+00      5.913E+08   1.000E+00   1.000E+00   00000  3p2   N/A    N/A    N/A 
    5   4.075724E+03   1.008620E-01   6.744E+14   7.131E+34   3.793E-01      9.234E-01   7.523E-01   1.066E+00   2.156E+00   0.000E+00   0.000E+00   0.000E+00   0.000E+00      6.029E+08   1.000E+00   1.000E+00   00000  3p2   N/A    N/A    N/A 
    6   4.331103E+03   1.196379E-01   6.667E+14   6.905E+34   3.754E-01      9.173E-01   7.448E-01   1.058E+00   2.149E+00   0.000E+00   0.000E+00   0.000E+00   0.000E+00      6.137E+08   1.000E+00   1.000E+00   00000  3p2   N/A    N/A    N/A 
    7   4.559468E+03   1.386843E-01   6.593E+14   6.693E+34   3.717E-01      9.115E-01   7.377E-01   1.050E+00   2.143E+00   0.000E+00   0.000E+00   0.000E+00   0.000E+00      6.241E+08   1.000E+00   1.000E+00   00000  3p2   N/A    N/A    N/A 
    8   4.766996E+03   1.581371E-01   6.521E+14   6.492E+34   3.680E-01      9.059E-01   7.307E-01   1.043E+00   2.137E+00   0.000E+00   0.000E+00   0.000E+00   0.000E+00      6.344E+08   1.000E+00   1.000E+00   00000  3p2   N/A    N/A    N/A 
    9   4.957876E+03   1.760294E-01   6.456E+14   6.306E+34   3.647E-01      9.007E-01   7.243E-01   1.036E+00   2.132E+00   0.000E+00   0.000E+00   0.000E+00   0.000E+00      6.439E+08   1.000E+00   1.000E+00   00000  3p2   N/A    N/A    N/A 
   10   5.135090E+03   1.937797E-01   6.392E+14   6.131E+34   3.615E-01      8.957E-01   7.181E-01   1.029E+00   2.126E+00   0.000E+00   0.000E+00   0.000E+00   0.000E+00      6.532E+08   1.000E+00   1.000E+00   00000  3p2   N/A    N/A    N/A 
   11   5.300852E+03   2.131978E-01   6.327E+14   5.958E+34   3.581E-01      8.906E-01   7.117E-01   1.022E+00   2.121E+00   0.000E+00   0.000E+00   0.000E+00   0.000E+00      6.628E+08   1.000E+00   1.000E+00   00000  3p2   N/A    N/A    N/A 
   12   5.456848E+03   2.314720E-01   6.266E+14   5.795E+34   3.550E-01      8.858E-01   7.056E-01   1.015E+00   2.115E+00   0.000E+00   0.000E+00   0.000E+00   0.000E+00      6.720E+08   1.000E+00   1.000E+00   00000  3p2   N/A    N/A    N/A 
   13   5.604401E+03   2.487571E-01   6.208E+14   5.641E+34   3.520E-01      8.812E-01   6.999E-01   1.009E+00   2.110E+00   0.000E+00   0.000E+00   0.000E+00   0.000E+00      6.807E+08   1.000E+00   1.000E+00   00000  3p2   N/A    N/A    N/A 
   14   5.744569E+03   2.651771E-01   6.153E+14   5.495E+34   3.492E-01      8.769E-01   6.944E-01   1.003E+00   2.105E+00   0.000E+00   0.000E+00   0.000E+00   0.000E+00      6.890E+08   1.000E+00   1.000E+00   00000  3p2   N/A    N/A    N/A 
   15   5.878211E+03   2.833438E-01   6.095E+14   5.350E+34   3.462E-01      8.724E-01   6.887E-01   9.968E-01   2.100E+00   0.000E+00   0.000E+00   0.000E+00   0.000E+00      6.978E+08   1.000E+00   1.000E+00   00000  3p2   N/A    N/A    N/A 
   16   6.006039E+03   3.016021E-01   6.039E+14   5.210E+34   3.433E-01      8.679E-01   6.830E-01   9.907E-01   2.095E+00   0.000E+00   0.000E+00   0.000E+00   0.000E+00      7.065E+08   1.000E+00   1.000E+00   00000  3p2   N/A    N/A    N/A 
   17   6.128644E+03   3.191147E-01   5.984E+14   5.075E+34   3.404E-01      8.636E-01   6.776E-01   9.848E-01   2.090E+00   0.000E+00   0.000E+00   0.000E+00   0.000E+00      7.149E+08   1.000E+00   1.000E+00   00000  3p2   N/A    N/A    N/A 
   18   6.246532E+03   3.359533E-01   5.932E+14   4.946E+34   3.377E-01      8.594E-01   6.722E-01   9.791E-01   2.085E+00   0.000E+00   0.000E+00   0.000E+00   0.000E+00      7.231E+08   1.000E+00   1.000E+00   00000  3p2   N/A    N/A    N/A 
   19   6.360130E+03   3.521792E-01   5.881E+14   4.821E+34   3.351E-01      8.555E-01   6.672E-01   9.737E-01   2.080E+00   0.000E+00   0.000E+00   0.000E+00   0.000E+00      7.309E+08   1.000E+00   1.000E+00   00000  3p2   N/A    N/A    N/A 
   20   6.469809E+03   3.678453E-01   5.833E+14   4.701E+34   3.325E-01      8.516E-01   6.622E-01   9.684E-01   2.075E+00   0.000E+00   0.000E+00   0.000E+00   0.000E+00      7.385E+08   1.000E+00   1.000E+00   00000  3p2   N/A    N/A    N/A 
   21   6.575890E+03   3.845178E-01   5.782E+14   4.583E+34   3.299E-01      8.476E-01   6.571E-01   9.629E-01   2.070E+00   0.000E+00   0.000E+00   0.000E+00   0.000E+00      7.464E+08   1.000E+00   1.000E+00   00000  3p2   N/A    N/A    N/A 
   22   6.678655E+03   4.018936E-01   5.731E+14   4.467E+34   3.272E-01      8.436E-01   6.519E-01   9.573E-01   2.065E+00   0.000E+00   0.000E+00   0.000E+00   0.000E+00      7.545E+08   1.000E+00   1.000E+00   00000  3p2   N/A    N/A    N/A 
   23   6.778351E+03   4.187504E-01   5.681E+14   4.355E+34   3.246E-01      8.396E-01   6.467E-01   9.518E-01   2.060E+00   0.000E+00   0.000E+00   0.000E+00   0.000E+00      7.624E+08   1.000E+00   1.000E+00   00000  3p2   N/A    N/A    N/A 
   24   6.875198E+03   4.351255E-01   5.632E+14   4.247E+34   3.220E-01      8.358E-01   6.418E-01   9.466E-01   2.056E+00   0.000E+00   0.000E+00   0.000E+00   0.000E+00      7.700E+08   1.000E+00   1.000E+00   00000  3p2   N/A    N/A    N/A 
   25   6.969390E+03   4.510518E-01   5.585E+14   4.141E+34   3.195E-01      8.321E-01   6.369E-01   9.414E-01   2.051E+00   0.000E+00   0.000E+00   0.000E+00   0.000E+00      7.774E+08   1.000E+00   1.000E+00   00000  3p2   N/A    N/A    N/A 
   26   7.061104E+03   4.665589E-01   5.539E+14   4.038E+34   3.171E-01      8.285E-01   6.322E-01   9.365E-01   2.046E+00   0.000E+00   0.000E+00   0.000E+00   0.000E+00      7.846E+08   1.000E+00   1.000E+00   00000  3p2   N/A    N/A    N/A 
   27   7.150494E+03   4.816733E-01   5.495E+14   3.937E+34   3.147E-01      8.249E-01   6.275E-01   9.316E-01   2.042E+00   0.000E+00   0.000E+00   0.000E+00   0.000E+00      7.917E+08   1.000E+00   1.000E+00   00000  3p2   N/A    N/A    N/A 
   28   7.237704E+03   4.964190E-01   5.451E+14   3.839E+34   3.124E-01      8.215E-01   6.230E-01   9.268E-01   2.037E+00   0.000E+00   0.000E+00   0.000E+00   0.000E+00      7.986E+08   1.000E+00   1.000E+00   00000  3p2   N/A    N/A    N/A 
   29   7.322861E+03   5.118630E-01   5.406E+14   3.744E+34   3.100E-01      8.179E-01   6.183E-01   9.219E-01   2.032E+00   0.000E+00   0.000E+00   0.000E+00   0.000E+00      8.057E+08   1.000E+00   1.000E+00   00000  3p2   N/A    N/A    N/A 
   30   7.406083E+03   5.279581E-01   5.359E+14   3.651E+34   3.075E-01      8.142E-01   6.133E-01   9.167E-01   2.027E+00   0.000E+00   0.000E+00   0.000E+00   0.000E+00      8.130E+08   1.000E+00   1.000E+00   00000  3p2   N/A    N/A    N/A 
   31   7.487475E+03   5.436993E-01   5.313E+14   3.561E+34   3.051E-01      8.106E-01   6.086E-01   9.118E-01   2.023E+00   0.000E+00   0.000E+00   0.000E+00   0.000E+00      8.202E+08   1.000E+00   1.000E+00   00000  3p2   N/A    N/A    N/A 
   32   7.567134E+03   5.591055E-01   5.268E+14   3.472E+34   3.027E-01      8.070E-01   6.038E-01   9.069E-01   2.018E+00   0.000E+00   0.000E+00   0.000E+00   0.000E+00      8.272E+08   1.000E+00   1.000E+00   00000  3p2   N/A    N/A    N/A 
   33   7.645152E+03   5.741940E-01   5.224E+14   3.385E+34   3.003E-01      8.036E-01   5.992E-01   9.020E-01   2.013E+00   0.000E+00   0.000E+00   0.000E+00   0.000E+00      8.340E+08   1.000E+00   1.000E+00   00000  3p2   N/A    N/A    N/A 
   34   7.721608E+03   5.889807E-01   5.181E+14   3.300E+34   2.980E-01      8.002E-01   5.946E-01   8.973E-01   2.008E+00   0.000E+00   0.000E+00   0.000E+00   0.000E+00      8.406E+08   1.000E+00   1.000E+00   00000  3p2   N/A    N/A    N/A 
   35   7.796580E+03   6.034802E-01   5.139E+14   3.216E+34   2.957E-01      7.968E-01   5.901E-01   8.927E-01   2.004E+00   0.000E+00   0.000E+00   0.000E+00   0.000E+00      8.471E+08   1.000E+00   1.000E+00   00000  3p2   N/A    N/A    N/A 
   36   7.870137E+03   6.177061E-01   5.097E+14   3.134E+34   2.935E-01      7.936E-01   5.857E-01   8.882E-01   1.999E+00   0.000E+00   0.000E+00   0.000E+00   0.000E+00      8.533E+08   1.000E+00   1.000E+00   00000  3p2   N/A    N/A    N/A 
   37   7.942344E+03   6.316710E-01   5.057E+14   3.054E+34   2.913E-01      7.903E-01   5.813E-01   8.837E-01   1.995E+00   0.000E+00   0.000E+00   0.000E+00   0.000E+00      8.595E+08   1.000E+00   1.000E+00   00000  3p2   N/A    N/A    N/A 
   38   8.013261E+03   6.453864E-01   5.017E+14   2.975E+34   2.891E-01      7.872E-01   5.770E-01   8.793E-01   1.990E+00   0.000E+00   0.000E+00   0.000E+00   0.000E+00      8.655E+08   1.000E+00   1.000E+00   00000  3p2   N/A    N/A    N/A 
   39   8.082945E+03   6.596999E-01   4.975E+14   2.899E+34   2.869E-01      7.839E-01   5.725E-01   8.747E-01   1.985E+00   0.000E+00   0.000E+00   0.000E+00   0.000E+00      8.717E+08   1.000E+00   1.000E+00   00000  3p2   N/A    N/A    N/A 
   40   8.151448E+03   6.742857E-01   4.931E+14   2.825E+34   2.845E-01      7.804E-01   5.678E-01   8.699E-01   1.980E+00   0.000E+00   0.000E+00   0.000E+00   0.000E+00      8.781E+08   1.000E+00   1.000E+00   00000  3p2   N/A    N/A    N/A 
   41   8.218819E+03   6.886306E-01   4.888E+14   2.753E+34   2.822E-01      7.771E-01   5.631E-01   8.653E-01   1.975E+00   0.000E+00   0.000E+00   0.000E+00   0.000E+00      8.843E+08   1.000E+00   1.000E+00   00000  3p2   N/A    N/A    N/A 
   42   8.285102E+03   7.027439E-01   4.846E+14   2.682E+34   2.799E-01      7.737E-01   5.585E-01   8.606E-01   1.970E+00   0.000E+00   0.000E+00   0.000E+00   0.000E+00      8.904E+08   1.000E+00   1.000E+00   00000  3p2   N/A    N/A    N/A 
   43   8.350342E+03   7.166350E-01   4.805E+14   2.612E+34   2.777E-01      7.705E-01   5.540E-01   8.561E-01   1.966E+00   0.000E+00   0.000E+00   0.000E+00   0.000E+00      8.962E+08   1.000E+00   1.000E+00   00000  3p2   N/A    N/A    N/A 
   44   8.414578E+03   7.303124E-01   4.764E+14   2.544E+34   2.754E-01      7.672E-01   5.495E-01   8.516E-01   1.961E+00   0.000E+00   0.000E+00   0.000E+00   0.000E+00      9.019E+08   1.000E+00   1.000E+00   00000  3p2   N/A    N/A    N/A 
   45   8.477848E+03   7.437840E-01   4.724E+14   2.476E+34   2.732E-01      7.641E-01   5.451E-01   8.472E-01   1.956E+00   0.000E+00   0.000E+00   0.000E+00   0.000E+00      9.074E+08   1.000E+00   1.000E+00   00000  3p2   N/A    N/A    N/A 
   46   8.540187E+03   7.570576E-01   4.684E+14   2.409E+34   2.711E-01      7.609E-01   5.407E-01   8.428E-01   1.951E+00   0.000E+00   0.000E+00   0.000E+00   0.000E+00      9.127E+08   1.000E+00   1.000E+00   00000  3p2   N/A    N/A    N/A 
   47   8.601630E+03   7.701401E-01   4.645E+14   2.343E+34   2.689E-01      7.578E-01   5.363E-01   8.385E-01   1.946E+00   0.000E+00   0.000E+00   0.000E+00   0.000E+00      9.179E+08   1.000E+00   1.000E+00   00000  3p2   N/A    N/A    N/A 
   48   8.662207E+03   7.830383E-01   4.607E+14   2.279E+34   2.668E-01      7.548E-01   5.320E-01   8.343E-01   1.942E+00   0.000E+00   0.000E+00   0.000E+00   0.000E+00      9.229E+08   1.000E+00   1.000E+00   00000  3p2   N/A    N/A    N/A 
   49   8.721948E+03   7.957586E-01   4.569E+14   2.215E+34   2.647E-01      7.518E-01   5.277E-01   8.300E-01   1.937E+00   0.000E+00   0.000E+00   0.000E+00   0.000E+00      9.277E+08   1.000E+00   1.000E+00   00000  3p2   N/A    N/A    N/A 
   50   8.780881E+03   8.084649E-01   4.531E+14   2.152E+34   2.626E-01      7.488E-01   5.234E-01   8.258E-01   1.932E+00   0.000E+00   0.000E+00   0.000E+00   0.000E+00      9.325E+08   1.000E+00   1.000E+00   00000  3p2   N/A    N/A    N/A 
   51   8.839035E+03   8.215543E-01   4.489E+14   2.095E+34   2.603E-01      7.454E-01   5.186E-01   8.211E-01   1.927E+00   0.000E+00   0.000E+00   0.000E+00   0.000E+00      9.376E+08   1.000E+00   1.000E+00   00000  3p2   N/A    N/A    N/A 
   52   8.896433E+03   8.344735E-01   4.447E+14   2.038E+34   2.580E-01      7.422E-01   5.139E-01   8.166E-01   1.922E+00   0.000E+00   0.000E+00   0.000E+00   0.000E+00      9.425E+08   1.000E+00   1.000E+00   00000  3p2   N/A    N/A    N/A 
   53   8.953099E+03   8.472282E-01   4.407E+14   1.981E+34   2.558E-01      7.389E-01   5.092E-01   8.120E-01   1.916E+00   0.000E+00   0.000E+00   0.000E+00   0.000E+00      9.472E+08   1.000E+00   1.000E+00   00000  3p2   N/A    N/A    N/A 
   54   9.009058E+03   8.598236E-01   4.366E+14   1.925E+34   2.536E-01      7.357E-01   5.045E-01   8.076E-01   1.911E+00   0.000E+00   0.000E+00   0.000E+00   0.000E+00      9.517E+08   1.000E+00   1.000E+00   00000  3p2   N/A    N/A    N/A 
   55   9.064329E+03   8.722643E-01   4.327E+14   1.871E+34   2.514E-01      7.325E-01   4.999E-01   8.031E-01   1.906E+00   0.000E+00   0.000E+00   0.000E+00   0.000E+00      9.560E+08   4.610E+06   1.000E+00   00000  3p2   N/A    N/A    N/A 
   56   9.118935E+03   8.845552E-01   4.287E+14   1.816E+34   2.492E-01      7.294E-01   4.953E-01   7.987E-01   1.901E+00   0.000E+00   0.000E+00   0.000E+00   0.000E+00      9.601E+08   4.691E+07   1.000E+00   00000  3p2   N/A    N/A    N/A 
   57   9.172895E+03   8.967006E-01   4.248E+14   1.762E+34   2.470E-01      7.263E-01   4.907E-01   7.944E-01   1.896E+00   0.000E+00   0.000E+00   0.000E+00   0.000E+00      9.640E+08   1.049E+08   1.000E+00   00000  3p2   N/A    N/A    N/A 
   58   9.226227E+03   9.087047E-01   4.210E+14   1.709E+34   2.449E-01      7.232E-01   4.862E-01   7.901E-01   1.891E+00   0.000E+00   0.000E+00   0.000E+00   0.000E+00      9.677E+08   1.765E+08   1.000E+00   00000  3p2   N/A    N/A    N/A 
   59   9.278949E+03   9.205716E-01   4.172E+14   1.657E+34   2.428E-01      7.202E-01   4.817E-01   7.858E-01   1.885E+00   0.000E+00   0.000E+00   0.000E+00   0.000E+00      9.712E+08   2.579E+08   1.000E+00   00000  3p2   N/A    N/A    N/A 
   60   9.331079E+03   9.323052E-01   4.134E+14   1.605E+34   2.407E-01      7.172E-01   4.771E-01   7.816E-01   1.880E+00   0.000E+00   0.000E+00   0.000E+00   0.000E+00      9.745E+08   3.475E+08   1.000E+00   00000  3p2   N/A    N/A    N/A 
   61   9.382633E+03   9.439092E-01   4.097E+14   1.554E+34   2.386E-01      7.142E-01   4.727E-01   7.775E-01   1.875E+00   0.000E+00   0.000E+00   0.000E+00   0.000E+00      9.776E+08   4.412E+08   1.000E+00   00000  3p2   N/A    N/A    N/A 
   62   9.433627E+03   9.553915E-01   4.061E+14   1.503E+34   2.365E-01      7.112E-01   4.682E-01   7.733E-01   1.870E+00   0.000E+00   0.000E+00   0.000E+00   0.000E+00      9.805E+08   5.387E+08   1.000E+00   00000  3p2   N/A    N/A    N/A 
   63   9.484075E+03   9.669110E-01   4.019E+14   1.458E+34   2.342E-01      7.079E-01   4.630E-01   7.686E-01   1.864E+00   0.000E+00   0.000E+00   0.000E+00   0.000E+00      9.835E+08   6.498E+08   1.000E+00   00000  3p2   N/A    N/A    N/A 
   64   9.533992E+03   9.783094E-01   3.977E+14   1.413E+34   2.319E-01      7.045E-01   4.579E-01   7.639E-01   1.859E+00   0.000E+00   0.000E+00   0.000E+00   0.000E+00      9.864E+08   7.590E+08   1.000E+00   00000  3p2   N/A    N/A    N/A 
   65   9.583392E+03   9.895894E-01   3.936E+14   1.369E+34   2.296E-01      7.012E-01   4.528E-01   7.592E-01   1.853E+00   0.000E+00   0.000E+00   0.000E+00   0.000E+00      9.889E+08   8.612E+08   1.000E+00   00000  3p2   N/A    N/A    N/A 
   66   9.632288E+03   1.000755E+00   3.896E+14   1.325E+34   2.273E-01      6.979E-01   4.477E-01   7.546E-01   1.847E+00   0.000E+00   0.000E+00   0.000E+00   0.000E+00      9.912E+08   9.562E+08   1.000E+00   00000  3p2   N/A    N/A    N/A 
   67   9.680692E+03   1.011807E+00   3.856E+14   1.282E+34   2.251E-01      6.947E-01   4.426E-01   7.501E-01   1.841E+00   0.000E+00   0.000E+00   0.000E+00   0.000E+00      9.932E+08   1.043E+09   1.000E+00   00000  3p2   N/A    N/A    N/A 
   68   9.728617E+03   1.022751E+00   3.816E+14   1.239E+34   2.228E-01      6.914E-01   4.375E-01   7.455E-01   1.835E+00   0.000E+00   0.000E+00   0.000E+00   0.000E+00      9.950E+08   1.124E+09   1.000E+00   00000  3p2   N/A    N/A    N/A 
   69   9.776074E+03   1.033587E+00   3.777E+14   1.196E+34   2.206E-01      6.882E-01   4.324E-01   7.410E-01   1.830E+00   0.000E+00   0.000E+00   0.000E+00   0.000E+00      9.965E+08   1.199E+09   1.000E+00   00000  3p2   N/A    N/A    N/A 
   70   9.823075E+03   1.044320E+00   3.738E+14   1.154E+34   2.184E-01      6.850E-01   4.273E-01   7.365E-01   1.824E+00   0.000E+00   0.000E+00   0.000E+00   0.000E+00      9.977E+08   1.269E+09   1.000E+00   00000  3p2   N/A    N/A    N/A 
   71   9.869631E+03   1.054951E+00   3.699E+14   1.112E+34   2.162E-01      6.819E-01   4.222E-01   7.320E-01   1.818E+00   0.000E+00   0.000E+00   0.000E+00   0.000E+00      9.987E+08   1.335E+09   1.000E+00   00000  3p2   N/A    N/A    N/A 
   72   9.915751E+03   1.065482E+00   3.661E+14   1.071E+34   2.141E-01      6.787E-01   4.171E-01   7.276E-01   1.812E+00   0.000E+00   0.000E+00   0.000E+00   0.000E+00      9.994E+08   1.397E+09   1.000E+00   00000  3p2   N/A    N/A    N/A 
   73   9.961447E+03   1.075916E+00   3.623E+14   1.030E+34   2.119E-01      6.756E-01   4.120E-01   7.232E-01   1.807E+00   0.000E+00   0.000E+00   0.000E+00   0.000E+00      9.998E+08   1.457E+09   1.000E+00   00000  3p2   N/A    N/A    N/A 
   74   1.000673E+04   1.086256E+00   3.586E+14   9.896E+33   2.098E-01      6.725E-01   4.068E-01   7.188E-01   1.801E+00   0.000E+00   0.000E+00   0.000E+00   0.000E+00      1.000E+09   1.515E+09   1.000E+00   00000  3p2   N/A    N/A    N/A 
   75   1.005160E+04   1.096253E+00   3.542E+14   9.542E+33   2.073E-01      6.688E-01   4.008E-01   7.137E-01   1.794E+00   0.000E+00   0.000E+00   0.000E+00   0.000E+00      9.999E+08   1.582E+09   1.000E+00   00000  3p2   N/A    N/A    N/A 
   76   1.009608E+04   1.106155E+00   3.499E+14   9.192E+33   2.048E-01      6.652E-01   3.947E-01   7.086E-01   1.787E+00   0.000E+00   0.000E+00   0.000E+00   0.000E+00      9.994E+08   1.647E+09   1.000E+00   00000  3p2   N/A    N/A    N/A 
   77   1.014017E+04   1.115970E+00   3.456E+14   8.846E+33   2.024E-01      6.616E-01   3.886E-01   7.036E-01   1.780E+00   0.000E+00   0.000E+00   0.000E+00   0.000E+00      9.985E+08   1.710E+09   1.000E+00   00000  3p2   N/A    N/A    N/A 
   78   1.018387E+04   1.125701E+00   3.413E+14   8.502E+33   2.000E-01      6.580E-01   3.824E-01   6.985E-01   1.774E+00   0.000E+00   0.000E+00   0.000E+00   0.000E+00      9.972E+08   1.773E+09   1.000E+00   00000  3p2   N/A    N/A    N/A 
   79   1.022721E+04   1.135349E+00   3.371E+14   8.162E+33   1.975E-01      6.544E-01   3.762E-01   6.935E-01   1.767E+00   0.000E+00   0.000E+00   0.000E+00   0.000E+00      9.956E+08   1.834E+09   1.000E+00   00000  3p2   N/A    N/A    N/A 
   80   1.027018E+04   1.144916E+00   3.329E+14   7.824E+33   1.951E-01      6.508E-01   3.699E-01   6.884E-01   1.760E+00   0.000E+00   0.000E+00   0.000E+00   0.000E+00      9.936E+08   1.894E+09   1.000E+00   00000  3p2   N/A    N/A    N/A 
   81   1.031280E+04   1.154403E+00   3.287E+14   7.489E+33   1.928E-01      6.472E-01   3.636E-01   6.834E-01   1.753E+00   0.000E+00   0.000E+00   0.000E+00   0.000E+00      9.913E+08   1.953E+09   1.000E+00   00000  3p2   N/A    N/A    N/A 
   82   1.035506E+04   1.163813E+00   3.246E+14   7.157E+33   1.904E-01      6.437E-01   3.572E-01   6.784E-01   1.746E+00   0.000E+00   0.000E+00   0.000E+00   0.000E+00      9.885E+08   2.012E+09   1.000E+00   00000  3p2   N/A    N/A    N/A 
   83   1.039699E+04   1.173147E+00   3.205E+14   6.827E+33   1.881E-01      6.401E-01   3.508E-01   6.735E-01   1.739E+00   0.000E+00   0.000E+00   0.000E+00   0.000E+00      9.854E+08   2.070E+09   1.000E+00   00000  3p2   N/A    N/A    N/A 
   84   1.043858E+04   1.182406E+00   3.164E+14   6.500E+33   1.857E-01      6.366E-01   3.443E-01   6.685E-01   1.733E+00   0.000E+00   0.000E+00   0.000E+00   0.000E+00      9.820E+08   2.127E+09   1.000E+00   00000  3p2   N/A    N/A    N/A 
   85   1.047983E+04   1.191591E+00   3.124E+14   6.176E+33   1.834E-01      6.330E-01   3.377E-01   6.636E-01   1.726E+00   0.000E+00   0.000E+00   0.000E+00   0.000E+00      9.781E+08   2.184E+09   1.000E+00   00000  3p2   N/A    N/A    N/A 
   86   1.052077E+04   1.200160E+00   3.076E+14   5.899E+33   1.807E-01      6.287E-01   3.296E-01   6.576E-01   1.717E+00   0.000E+00   0.000E+00   0.000E+00   0.000E+00      9.730E+08   2.252E+09   1.000E+00   00000  3p2   N/A    N/A    N/A 
   87   1.056139E+04   1.208659E+00   3.028E+14   5.625E+33   1.779E-01      6.245E-01   3.213E-01   6.516E-01   1.709E+00   0.000E+00   0.000E+00   0.000E+00   0.000E+00      9.673E+08   2.319E+09   1.000E+00   00000  3p2   N/A    N/A    N/A 
   88   1.060170E+04   1.217092E+00   2.980E+14   5.353E+33   1.751E-01      6.202E-01   3.129E-01   6.456E-01   1.700E+00   0.000E+00   0.000E+00   0.000E+00   0.000E+00      9.611E+08   2.385E+09   1.000E+00   00000  3p2   N/A    N/A    N/A 
   89   1.064171E+04   1.225463E+00   2.933E+14   5.083E+33   1.724E-01      6.159E-01   3.043E-01   6.397E-01   1.692E+00   0.000E+00   0.000E+00   0.000E+00   0.000E+00      9.544E+08   2.450E+09   1.000E+00   00000  3p2   N/A    N/A    N/A 
   90   1.068142E+04   1.233770E+00   2.886E+14   4.815E+33   1.697E-01      6.116E-01   2.955E-01   6.337E-01   1.683E+00   0.000E+00   0.000E+00   0.000E+00   0.000E+00      9.471E+08   2.512E+09   1.000E+00   00000  3p2   N/A    N/A    N/A 
   91   1.072083E+04   1.242017E+00   2.840E+14   4.550E+33   1.670E-01      6.072E-01   2.864E-01   6.278E-01   1.675E+00   0.000E+00   0.000E+00   0.000E+00   0.000E+00      9.393E+08   2.572E+09   1.000E+00   00000  3p2   N/A    N/A    N/A 
   92   1.075996E+04   1.250203E+00   2.794E+14   4.286E+33   1.644E-01      6.029E-01   2.771E-01   6.218E-01   1.666E+00   0.000E+00   0.000E+00   0.000E+00   0.000E+00      9.309E+08   2.630E+09   1.000E+00   00000  3p2   N/A    N/A    N/A 
   93   1.079881E+04   1.258330E+00   2.748E+14   4.023E+33   1.617E-01      5.986E-01   2.676E-01   6.159E-01   1.658E+00   0.000E+00   0.000E+00   0.000E+00   0.000E+00      9.221E+08   2.687E+09   1.000E+00   00000  3p2   N/A    N/A    N/A 
   94   1.083737E+04   1.266399E+00   2.702E+14   3.763E+33   1.591E-01      5.942E-01   2.576E-01   6.099E-01   1.649E+00   0.000E+00   0.000E+00   0.000E+00   0.000E+00      9.127E+08   2.741E+09   1.000E+00   00000  3p2   N/A    N/A    N/A 
   95   1.087567E+04   1.273879E+00   2.649E+14   3.534E+33   1.560E-01      5.890E-01   2.455E-01   6.029E-01   1.639E+00   0.000E+00   0.000E+00   0.000E+00   0.000E+00      9.009E+08   2.804E+09   1.000E+00   00000  3p2   N/A    N/A    N/A 
   96   1.091370E+04   1.281113E+00   2.593E+14   3.318E+33   1.527E-01      5.836E-01   2.320E-01   5.955E-01   1.627E+00   0.000E+00   0.000E+00   0.000E+00   0.000E+00      8.878E+08   2.868E+09   1.000E+00   00000  3p2   N/A    N/A    N/A 
   97   1.095146E+04   1.288296E+00   2.538E+14   3.103E+33   1.495E-01      5.780E-01   2.178E-01   5.881E-01   1.616E+00   0.000E+00   0.000E+00   0.000E+00   0.000E+00      8.738E+08   2.931E+09   1.000E+00   00000  3p2   N/A    N/A    N/A 
   98   1.098897E+04   1.295430E+00   2.482E+14   2.889E+33   1.463E-01      5.724E-01   2.025E-01   5.808E-01   1.605E+00   0.000E+00   0.000E+00   0.000E+00   0.000E+00      8.591E+08   2.994E+09   1.000E+00   00000  3p2   N/A    N/A    N/A 
   99   1.102622E+04   1.302516E+00   2.428E+14   2.677E+33   1.431E-01      5.668E-01   1.860E-01   5.734E-01   1.594E+00   0.000E+00   0.000E+00   0.000E+00   0.000E+00      8.436E+08   3.055E+09   1.000E+00   00000  3p2   N/A    N/A    N/A 
  100   1.106322E+04   1.309554E+00   2.373E+14   2.467E+33   1.399E-01      5.611E-01   1.678E-01   5.661E-01   1.582E+00   0.000E+00   0.000E+00   0.000E+00   0.000E+00      8.274E+08   3.115E+09   1.000E+00   00000  3p2   N/A    N/A    N/A 
  101   1.109997E+04   1.316546E+00   2.319E+14   2.257E+33   1.368E-01      5.554E-01   1.476E-01   5.588E-01   1.571E+00   0.000E+00   0.000E+00   0.000E+00   0.000E+00      8.104E+08   3.169E+09   1.000E+00   00000  3p2   N/A    N/A    N/A 
  102   1.113649E+04   1.323143E+00   2.260E+14   2.064E+33   1.333E-01      5.489E-01   1.212E-01   5.509E-01   1.558E+00   0.000E+00   0.000E+00   0.000E+00   0.000E+00      7.907E+08   3.220E+09   1.000E+00   00000  3p2   N/A    N/A    N/A 
  103   1.117276E+04   1.329238E+00   2.192E+14   1.892E+33   1.294E-01      5.415E-01   8.132E-02   5.421E-01   1.543E+00   0.000E+00   0.000E+00   0.000E+00   0.000E+00      7.672E+08   3.263E+09   1.000E+00   00000  3p2   N/A    N/A    N/A 
  104   1.120880E+04   1.335293E+00   2.125E+14   1.721E+33   1.254E-01      5.339E-01   2.774E-02   5.339E-01   1.527E+00   0.000E+00   0.000E+00   0.000E+00   0.000E+00      7.426E+08   3.286E+09   1.000E+00   00000  3p2   N/A    N/A    N/A 
  105   1.124461E+04   1.341310E+00   2.059E+14   1.552E+33   1.216E-01      5.262E-01  -0.000E+00   5.262E-01   1.512E+00   0.000E+00   0.000E+00   0.000E+00   0.000E+00      7.169E+08   3.290E+09   1.000E+00   00000  3p2   N/A    N/A    N/A 
  106   1.128020E+04   1.347289E+00   1.993E+14   1.383E+33   1.177E-01      5.183E-01  -0.000E+00   5.183E-01   1.496E+00   0.000E+00   0.000E+00   0.000E+00   0.000E+00      6.903E+08   3.276E+09   1.000E+00   00000  3p2   N/A    N/A    N/A 
  107   1.131556E+04   1.353230E+00   1.927E+14   1.215E+33   1.138E-01      5.103E-01  -0.000E+00   5.103E-01   1.479E+00   0.000E+00   0.000E+00   0.000E+00   0.000E+00      6.628E+08   3.246E+09   1.000E+00   00000  3p2   N/A    N/A    N/A 
  108   1.135070E+04   1.358350E+00   1.846E+14   1.077E+33   1.090E-01      5.000E-01  -0.000E+00   5.000E-01   1.459E+00   0.000E+00   0.000E+00   0.000E+00   0.000E+00      6.275E+08   3.187E+09   1.000E+00   00000  3p2   N/A    N/A    N/A 
  109   1.138563E+04   1.363414E+00   1.764E+14   9.403E+32   1.042E-01      4.894E-01  -0.000E+00   4.894E-01   1.437E+00   0.000E+00   0.000E+00   0.000E+00   0.000E+00      5.909E+08   3.109E+09   1.000E+00   00000  3p2   N/A    N/A    N/A 
  110   1.142034E+04   1.368448E+00   1.683E+14   8.045E+32   9.947E-02      4.784E-01  -0.000E+00   4.784E-01   1.415E+00   0.000E+00   0.000E+00   0.000E+00   0.000E+00      5.534E+08   3.016E+09   1.000E+00   00000  3p2   N/A    N/A    N/A 
  111   1.145484E+04   1.373419E+00   1.600E+14   6.705E+32   9.461E-02      4.668E-01  -0.000E+00   4.668E-01   1.392E+00   0.000E+00   0.000E+00   0.000E+00   0.000E+00      5.145E+08   2.910E+09   1.000E+00   00000  3p2   N/A    N/A    N/A 
  112   1.146891E+04   1.375123E+00   1.540E+14   6.260E+32   9.105E-02      4.570E-01                           1.261E+00                                                      1.712E+09                                  1s0  904.0  232.0   32.0
  113   1.148314E+04   1.376845E+00   1.482E+14   5.811E+32   8.762E-02      4.476E-01                           1.248E+00                                                      1.870E+09                                  1s0  926.0  232.0   32.0
  114   1.149737E+04   1.378567E+00   1.426E+14   5.361E+32   8.432E-02      4.386E-01                           1.235E+00                                                      2.043E+09                                  1s0  947.2  232.0   32.0
  115   1.151159E+04   1.380289E+00   1.372E+14   4.912E+32   8.115E-02      4.299E-01                           1.222E+00                                                      2.225E+09                                  1s0  967.5  232.0   32.0
  116   1.152582E+04   1.382011E+00   1.320E+14   4.463E+32   7.810E-02      4.205E-01                           1.210E+00                                                      2.399E+09                                  1s0  995.2  232.0   32.0
  117   1.154004E+04   1.383734E+00   1.271E+14   4.013E+32   7.517E-02      4.087E-01                           1.201E+00                                                      2.541E+09                                  1s0 1043.5  232.0   32.0
  118   1.155003E+04   1.384835E+00   1.223E+14   3.727E+32   7.235E-02      3.977E-01                           1.190E+00                                                      2.690E+09                                  1s0 1090.1  232.0   32.0
  119   1.155516E+04   1.385224E+00   1.177E+14   3.628E+32   6.963E-02      3.874E-01                           1.179E+00                                                      2.842E+09                                  1s0 1134.9  232.0   32.0
  120   1.156028E+04   1.385613E+00   1.132E+14   3.529E+32   6.702E-02      3.778E-01                           1.168E+00                                                      2.993E+09                                  1s0 1178.0  232.0   32.0
  121   1.156541E+04   1.386002E+00   1.090E+14   3.430E+32   6.451E-02      3.687E-01                           1.156E+00                                                      3.139E+09                                  1s0 1219.4  232.0   32.0
  122   1.157054E+04   1.386391E+00   1.049E+14   3.330E+32   6.209E-02      3.601E-01                           1.145E+00                                                      3.280E+09                                  1s0 1259.3  232.0   32.0
  123   1.157567E+04   1.386780E+00   1.009E+14   3.231E+32   5.976E-02      3.520E-01                           1.133E+00                                                      3.416E+09                                  1s0 1297.8  232.0   32.0
  124   1.158079E+04   1.387169E+00   9.711E+13   3.132E+32   5.752E-02      3.443E-01                           1.121E+00                                                      3.547E+09                                  1s0 1334.7  232.0   32.0
  125   1.158592E+04   1.387558E+00   9.345E+13   3.033E+32   5.536E-02      3.370E-01                           1.108E+00                                                      3.674E+09                                  1s0 1370.3  232.0   32.0
  126   1.159105E+04   1.387947E+00   8.993E+13   2.934E+32   5.329E-02      3.300E-01                           1.096E+00                                                      3.796E+09                                  1s0 1404.5  232.0   32.0
  127   1.159617E+04   1.388336E+00   8.655E+13   2.835E+32   5.129E-02      3.234E-01                           1.084E+00                                                      3.915E+09                                  1s0 1437.4  232.0   32.0
  128   1.160130E+04   1.388725E+00   8.328E+13   2.736E+32   4.937E-02      3.169E-01                           1.072E+00                                                      4.029E+09                                  1s0 1469.1  232.0   32.0
  129   1.160643E+04   1.389114E+00   8.015E+13   2.637E+32   4.752E-02      3.108E-01                           1.060E+00                                                      4.139E+09                                  1s0 1499.6  232.0   32.0
  130   1.161155E+04   1.389503E+00   7.713E+13   2.538E+32   4.573E-02      3.291E-01                           1.060E+00                                                      4.135E+09                                  1s0 1519.5  183.0   40.0
  131   1.161668E+04   1.389892E+00   7.422E+13   2.439E+32   4.401E-02      3.236E-01                           1.047E+00                                                      4.247E+09                                  1s0 1538.6  183.0   40.0
  132   1.162489E+04   1.390338E+00   7.142E+13   2.328E+32   4.236E-02      3.182E-01                           1.034E+00                                                      4.353E+09                                  1s0 1556.9  183.0   40.0
  133   1.163321E+04   1.390787E+00   6.873E+13   2.216E+32   4.077E-02      3.130E-01                           1.022E+00                                                      4.453E+09                                  1s0 1574.5  183.0   40.0
  134   1.164153E+04   1.391235E+00   6.614E+13   2.105E+32   3.923E-02      3.079E-01                           1.009E+00                                                      4.548E+09                                  1s0 1591.5  183.0   40.0
  135   1.164985E+04   1.391683E+00   6.365E+13   1.993E+32   3.776E-02      3.030E-01                           9.969E-01                                                      4.637E+09                                  1s0 1607.8  183.0   40.0
  136   1.165817E+04   1.392131E+00   6.125E+13   1.882E+32   3.634E-02      2.982E-01                           9.847E-01                                                      4.720E+09                                  1s0 1623.5  183.0   40.0
  137   1.166649E+04   1.392580E+00   5.894E+13   1.771E+32   3.497E-02      2.935E-01                           9.725E-01                                                      4.798E+09                                  1s0 1638.7  183.0   40.0
  138   1.167481E+04   1.393028E+00   5.672E+13   1.659E+32   3.366E-02      2.889E-01                           9.606E-01                                                      4.869E+09                                  1s0 1653.2  183.0   40.0
  139   1.168313E+04   1.393476E+00   5.459E+13   1.548E+32   3.239E-02      2.844E-01                           9.487E-01                                                      4.934E+09                                  1s0 1667.2  183.0   40.0
  140   1.169145E+04   1.393925E+00   5.253E+13   1.436E+32   3.118E-02      2.801E-01                           9.370E-01                                                      4.994E+09                                  1s0 1680.7  183.0   40.0
  141   1.169865E+04   1.394223E+00   5.055E+13   1.364E+32   3.001E-02      2.758E-01                           9.254E-01                                                      5.047E+09                                  1s0 1693.7  183.0   40.0
  142   1.170561E+04   1.394491E+00   4.865E+13   1.299E+32   2.888E-02      2.717E-01                           9.139E-01                                                      5.094E+09                                  1s0 1706.1  183.0   40.0
  143   1.171258E+04   1.394758E+00   4.681E+13   1.234E+32   2.779E-02      2.676E-01                           9.026E-01                                                      5.134E+09                                  1s0 1718.2  183.0   40.0
  144   1.171954E+04   1.395025E+00   4.505E+13   1.169E+32   2.675E-02      2.636E-01                           8.914E-01                                                      5.169E+09                                  1s0 1729.7  183.0   40.0
  145   1.172650E+04   1.395292E+00   4.335E+13   1.105E+32   2.575E-02      2.597E-01                           8.803E-01                                                      5.197E+09                                  1s0 1740.8  183.0   40.0
  146   1.173347E+04   1.395559E+00   4.172E+13   1.040E+32   2.478E-02      2.559E-01                           8.693E-01                                                      5.219E+09                                  1s0 1751.5  183.0   40.0
  147   1.174043E+04   1.395826E+00   4.015E+13   9.750E+31   2.385E-02      2.521E-01                           8.585E-01                                                      5.235E+09                                  1s0 1761.8  183.0   40.0
  148   1.174739E+04   1.396094E+00   3.863E+13   9.103E+31   2.295E-02      2.485E-01                           8.478E-01                                                      5.244E+09                                  1s0 1771.7  183.0   40.0
  149   1.175436E+04   1.396361E+00   3.718E+13   8.455E+31   2.209E-02      2.449E-01                           8.372E-01                                                      5.248E+09                                  1s0 1781.3  183.0   40.0
  150   1.176054E+04   1.396556E+00   3.578E+13   7.987E+31   2.126E-02      2.414E-01                           8.268E-01                                                      5.245E+09                                  1s0 1790.5  183.0   40.0
  151   1.176631E+04   1.396713E+00   3.443E+13   7.614E+31   2.046E-02      2.379E-01                           8.165E-01                                                      5.236E+09                                  1s0 1799.3  183.0   40.0
  152   1.177208E+04   1.396870E+00   3.313E+13   7.242E+31   1.969E-02      2.543E-01                           8.040E-01                                                      5.217E+09                                  1s0 1772.4  193.0   50.0
  153   1.177785E+04   1.397027E+00   3.188E+13   6.870E+31   1.895E-02      2.525E-01                           7.932E-01                                                      5.193E+09                                  1s0 1743.4  193.0   50.0
  154   1.178361E+04   1.397184E+00   3.068E+13   6.498E+31   1.824E-02      2.506E-01                           7.826E-01                                                      5.162E+09                                  1s0 1715.4  193.0   50.0
  155   1.178938E+04   1.397341E+00   2.953E+13   6.126E+31   1.755E-02      2.487E-01                           7.722E-01                                                      5.126E+09                                  1s0 1688.6  193.0   50.0
  156   1.179515E+04   1.397498E+00   2.841E+13   5.754E+31   1.689E-02      2.469E-01                           7.618E-01                                                      5.085E+09                                  1s0 1662.7  193.0   50.0
  157   1.180092E+04   1.397655E+00   2.734E+13   5.382E+31   1.626E-02      2.449E-01                           7.517E-01                                                      5.039E+09                                  1s0 1637.8  193.0   50.0
  158   1.180669E+04   1.397812E+00   2.631E+13   5.009E+31   1.565E-02      2.430E-01                           7.416E-01                                                      4.990E+09                                  1s0 1613.9  193.0   50.0
  159   1.181210E+04   1.397945E+00   2.532E+13   4.695E+31   1.506E-02      2.411E-01                           7.317E-01                                                      4.938E+09                                  1s0 1590.8  193.0   50.0
  160   1.181692E+04   1.398037E+00   2.437E+13   4.480E+31   1.449E-02      2.392E-01                           7.220E-01                                                      4.882E+09                                  1s0 1568.7  193.0   50.0
  161   1.182174E+04   1.398130E+00   2.345E+13   4.265E+31   1.395E-02      2.372E-01                           7.124E-01                                                      4.825E+09                                  1s0 1547.3  193.0   50.0
  162   1.182656E+04   1.398222E+00   2.257E+13   4.049E+31   1.342E-02      2.352E-01                           7.029E-01                                                      4.765E+09                                  1s0 1526.8  193.0   50.0
  163   1.183138E+04   1.398315E+00   2.172E+13   3.834E+31   1.292E-02      2.333E-01                           6.935E-01                                                      4.705E+09                                  1s0 1507.0  193.0   50.0
  164   1.183620E+04   1.398407E+00   2.090E+13   3.618E+31   1.243E-02      2.313E-01                           6.843E-01                                                      4.643E+09                                  1s0 1488.0  193.0   50.0
  165   1.184102E+04   1.398500E+00   2.011E+13   3.403E+31   1.197E-02      2.293E-01                           6.752E-01                                                      4.580E+09                                  1s0 1469.7  193.0   50.0
  166   1.184584E+04   1.398592E+00   1.935E+13   3.187E+31   1.152E-02      2.273E-01                           6.662E-01                                                      4.516E+09                                  1s0 1452.1  193.0   50.0
  167   1.185066E+04   1.398685E+00   1.862E+13   2.972E+31   1.108E-02      2.253E-01                           6.573E-01                                                      4.453E+09                                  1s0 1435.1  193.0   50.0
  168   1.185543E+04   1.398775E+00   1.792E+13   2.762E+31   1.067E-02      2.233E-01                           6.486E-01                                                      4.389E+09                                  1s0 1418.8  193.0   50.0
  169   1.185939E+04   1.398828E+00   1.725E+13   2.639E+31   1.027E-02      2.213E-01                           6.400E-01                                                      4.325E+09                                  1s0 1403.1  193.0   50.0
  170   1.186335E+04   1.398882E+00   1.660E+13   2.517E+31   9.881E-03      2.192E-01                           6.315E-01                                                      4.261E+09                                  1s0 1388.0  193.0   50.0
  171   1.186731E+04   1.398935E+00   1.597E+13   2.394E+31   9.510E-03      2.172E-01                           6.232E-01                                                      4.198E+09                                  1s0 1373.5  193.0   50.0
  172   1.187128E+04   1.398989E+00   1.537E+13   2.271E+31   9.153E-03      2.152E-01                           6.149E-01                                                      4.136E+09                                  1s0 1359.5  193.0   50.0
  173   1.187524E+04   1.399042E+00   1.479E+13   2.149E+31   8.809E-03      2.134E-01                           6.118E-01                                                      4.111E+09                                  1s0 1341.9  164.0   50.0
  174   1.187920E+04   1.399096E+00   1.423E+13   2.026E+31   8.477E-03      2.121E-01                           6.034E-01                                                      4.048E+09                                  1s0 1315.5  164.0   50.0
  175   1.188316E+04   1.399149E+00   1.370E+13   1.903E+31   8.158E-03      2.108E-01                           5.952E-01                                                      3.985E+09                                  1s0 1290.1  164.0   50.0
  176   1.188712E+04   1.399203E+00   1.318E+13   1.781E+31   7.851E-03      2.094E-01                           5.871E-01                                                      3.923E+09                                  1s0 1265.7  164.0   50.0
  177   1.189108E+04   1.399256E+00   1.268E+13   1.658E+31   7.555E-03      2.080E-01                           5.791E-01                                                      3.862E+09                                  1s0 1242.1  164.0   50.0
  178   1.189460E+04   1.399296E+00   1.221E+13   1.567E+31   7.271E-03      2.067E-01                           5.712E-01                                                      3.802E+09                                  1s0 1219.5  164.0   50.0
  179   1.189780E+04   1.399326E+00   1.175E+13   1.499E+31   6.997E-03      2.053E-01                           5.634E-01                                                      3.742E+09                                  1s0 1197.7  164.0   50.0
  180   1.190099E+04   1.399356E+00   1.130E+13   1.432E+31   6.733E-03      2.039E-01                           5.557E-01                                                      3.682E+09                                  1s0 1176.7  164.0   50.0
  181   1.190418E+04   1.399386E+00   1.088E+13   1.364E+31   6.480E-03      2.024E-01                           5.481E-01                                                      3.623E+09                                  1s0 1156.5  164.0   50.0
  182   1.190738E+04   1.399416E+00   1.047E+13   1.296E+31   6.236E-03      2.010E-01                           5.406E-01                                                      3.564E+09                                  1s0 1137.1  164.0   50.0
  183   1.191057E+04   1.399446E+00   1.007E+13   1.228E+31   6.001E-03      1.995E-01                           5.332E-01                                                      3.505E+09                                  1s0 1118.4  164.0   50.0
  184   1.191376E+04   1.399476E+00   9.694E+12   1.161E+31   5.775E-03      1.981E-01                           5.260E-01                                                      3.447E+09                                  1s0 1100.4  164.0   50.0
  185   1.191696E+04   1.399506E+00   9.328E+12   1.093E+31   5.558E-03      1.965E-01                           5.194E-01                                                      3.393E+09                                  1s0 1084.4  161.0   50.0
  186   1.192015E+04   1.399536E+00   8.977E+12   1.025E+31   5.349E-03      1.949E-01                           5.124E-01                                                      3.335E+09                                  1s0 1069.0  161.0   50.0
  187   1.192334E+04   1.399566E+00   8.639E+12   9.574E+30   5.147E-03      1.934E-01                           5.054E-01                                                      3.277E+09                                  1s0 1054.2  161.0   50.0
  188   1.192603E+04   1.399586E+00   8.313E+12   9.118E+30   4.954E-03      1.918E-01                           4.986E-01                                                      3.219E+09                                  1s0 1040.0  161.0   50.0
  189   1.192848E+04   1.399601E+00   8.000E+12   8.773E+30   4.767E-03      1.902E-01                           4.919E-01                                                      3.161E+09                                  1s0 1026.3  161.0   50.0
  190   1.193092E+04   1.399617E+00   7.699E+12   8.427E+30   4.588E-03      1.886E-01                           4.852E-01                                                      3.102E+09                                  1s0 1013.1  161.0   50.0
  191   1.193336E+04   1.399632E+00   7.408E+12   8.081E+30   4.415E-03      1.870E-01                           4.787E-01                                                      3.044E+09                                  1s0 1000.4  161.0   50.0
  192   1.193580E+04   1.399648E+00   7.129E+12   7.736E+30   4.249E-03      1.853E-01                           4.722E-01                                                      2.986E+09                                  1s0  988.2  161.0   50.0
  193   1.193825E+04   1.399663E+00   6.861E+12   7.390E+30   4.089E-03      1.837E-01                           4.659E-01                                                      2.928E+09                                  1s0  976.4  161.0   50.0
  194   1.194069E+04   1.399679E+00   6.602E+12   7.044E+30   3.935E-03      1.821E-01                           4.596E-01                                                      2.871E+09                                  1s0  965.1  161.0   50.0
  195   1.194313E+04   1.399694E+00   6.353E+12   6.699E+30   3.787E-03      1.805E-01                           4.534E-01                                                      2.813E+09                                  1s0  954.2  161.0   50.0
  196   1.194557E+04   1.399709E+00   6.114E+12   6.353E+30   3.645E-03      1.796E-01                           4.473E-01                                                      2.757E+09                                  1s0  932.1  159.0   50.0
  197   1.194801E+04   1.399725E+00   5.884E+12   6.007E+30   3.508E-03      1.791E-01                           4.407E-01                                                      2.694E+09                                  1s0  903.2  159.0   50.0
  198   1.195046E+04   1.399740E+00   5.662E+12   5.662E+30   3.376E-03      1.787E-01                           4.341E-01                                                      2.632E+09                                  1s0  875.5  159.0   50.0
  199   1.195259E+04   1.399751E+00   5.449E+12   5.417E+30   3.248E-03      1.783E-01                           4.276E-01                                                      2.571E+09                                  1s0  848.7  159.0   50.0
  200   1.195449E+04   1.399759E+00   5.243E+12   5.250E+30   3.126E-03      1.778E-01                           4.211E-01                                                      2.509E+09                                  1s0  823.0  159.0   50.0
  201   1.195639E+04   1.399766E+00   5.046E+12   5.083E+30   3.008E-03      1.774E-01                           4.147E-01                                                      2.448E+09                                  1s0  798.3  159.0   50.0
  202   1.195829E+04   1.399774E+00   4.856E+12   4.917E+30   2.895E-03      1.769E-01                           4.084E-01                                                      2.388E+09                                  1s0  774.4  159.0   50.0
  203   1.196019E+04   1.399781E+00   4.673E+12   4.750E+30   2.786E-03      1.764E-01                           4.022E-01                                                      2.328E+09                                  1s0  751.5  159.0   50.0
  204   1.196209E+04   1.399789E+00   4.497E+12   4.583E+30   2.681E-03      1.759E-01                           3.960E-01                                                      2.269E+09                                  1s0  729.5  159.0   50.0
  205   1.196399E+04   1.399796E+00   4.327E+12   4.416E+30   2.580E-03      1.754E-01                           3.898E-01                                                      2.211E+09                                  1s0  708.2  159.0   50.0
  206   1.196589E+04   1.399804E+00   4.164E+12   4.250E+30   2.483E-03      1.748E-01                           3.838E-01                                                      2.153E+09                                  1s0  687.8  159.0   50.0
  207   1.196779E+04   1.399811E+00   4.007E+12   4.083E+30   2.390E-03      1.743E-01                           3.778E-01                                                      2.096E+09                                  1s0  668.2  159.0   50.0
  208   1.196969E+04   1.399819E+00   3.856E+12   3.916E+30   2.300E-03      1.737E-01                           3.719E-01                                                      2.039E+09                                  1s0  649.2  159.0   50.0
  209   1.197159E+04   1.399827E+00   3.711E+12   3.749E+30   2.213E-03      1.732E-01                           3.660E-01                                                      1.984E+09                                  1s0  631.0  159.0   50.0
  210   1.197349E+04   1.399834E+00   3.571E+12   3.583E+30   2.130E-03      1.726E-01                           3.602E-01                                                      1.929E+09                                  1s0  613.5  159.0   50.0
  211   1.197539E+04   1.399842E+00   3.437E+12   3.416E+30   2.050E-03      1.720E-01                           3.544E-01                                                      1.875E+09                                  1s0  596.7  159.0   50.0
  212   1.197714E+04   1.399847E+00   3.307E+12   3.297E+30   1.973E-03      1.714E-01                           3.487E-01                                                      1.822E+09                                  1s0  580.4  159.0   50.0
  213   1.197879E+04   1.399851E+00   3.183E+12   3.210E+30   1.898E-03      1.707E-01                           3.431E-01                                                      1.769E+09                                  1s0  564.8  159.0   50.0
  214   1.198044E+04   1.399855E+00   3.063E+12   3.124E+30   1.827E-03      1.701E-01                           3.375E-01                                                      1.718E+09                                  1s0  549.8  159.0   50.0
  215   1.198209E+04   1.399859E+00   2.947E+12   3.037E+30   1.758E-03      1.694E-01                           3.320E-01                                                      1.668E+09                                  1s0  535.4  159.0   50.0
  216   1.198374E+04   1.399863E+00   2.836E+12   2.951E+30   1.692E-03      1.687E-01                           3.266E-01                                                      1.618E+09                                  1s0  521.4  159.0   50.0
  217   1.198539E+04   1.399867E+00   2.729E+12   2.864E+30   1.628E-03      1.680E-01                           3.212E-01                                                      1.570E+09                                  1s0  508.1  159.0   50.0
  218   1.198704E+04   1.399871E+00   2.626E+12   2.778E+30   1.567E-03      1.554E-01                           3.284E-01                                                      1.635E+09                                  1s0  494.2  117.0   40.0
  219   1.198869E+04   1.399875E+00   2.528E+12   2.692E+30   1.508E-03      1.550E-01                           3.232E-01                                                      1.588E+09                                  1s0  479.3  117.0   40.0
  220   1.199034E+04   1.399878E+00   2.432E+12   2.605E+30   1.451E-03      1.546E-01                           3.180E-01                                                      1.542E+09                                  1s0  464.9  117.0   40.0
  221   1.199199E+04   1.399882E+00   2.341E+12   2.519E+30   1.397E-03      1.542E-01                           3.129E-01                                                      1.496E+09                                  1s0  451.1  117.0   40.0
  222   1.199364E+04   1.399886E+00   2.252E+12   2.432E+30   1.344E-03      1.538E-01                           3.078E-01                                                      1.452E+09                                  1s0  437.8  117.0   40.0
  223   1.199530E+04   1.399890E+00   2.168E+12   2.346E+30   1.294E-03      1.533E-01                           3.028E-01                                                      1.408E+09                                  1s0  424.9  117.0   40.0
  224   1.199695E+04   1.399894E+00   2.086E+12   2.259E+30   1.245E-03      1.529E-01                           2.978E-01                                                      1.366E+09                                  1s0  412.6  117.0   40.0
  225   1.199860E+04   1.399898E+00   2.007E+12   2.173E+30   1.198E-03      1.524E-01                           2.929E-01                                                      1.324E+09                                  1s0  400.8  117.0   40.0
  226   1.200025E+04   1.399902E+00   1.932E+12   2.086E+30   1.153E-03      1.519E-01                           2.880E-01                                                      1.283E+09                                  1s0  389.4  117.0   40.0
  227   1.200193E+04   1.399905E+00   1.859E+12   2.023E+30   1.110E-03      1.514E-01                           2.831E-01                                                      1.243E+09                                  1s0  378.4  117.0   40.0
  228   1.200363E+04   1.399907E+00   1.789E+12   1.975E+30   1.068E-03      1.509E-01                           2.783E-01                                                      1.203E+09                                  1s0  367.8  117.0   40.0
  229   1.200534E+04   1.399909E+00   1.721E+12   1.928E+30   1.028E-03      1.504E-01                           2.736E-01                                                      1.165E+09                                  1s0  357.6  117.0   40.0
  230   1.200704E+04   1.399912E+00   1.657E+12   1.880E+30   9.890E-04      1.499E-01                           2.689E-01                                                      1.126E+09                                  1s0  347.9  117.0   40.0
  231   1.200875E+04   1.399914E+00   1.594E+12   1.832E+30   9.518E-04      1.493E-01                           2.642E-01                                                      1.089E+09                                  1s0  338.4  117.0   40.0
  232   1.201045E+04   1.399916E+00   1.534E+12   1.785E+30   9.160E-04      1.488E-01                           2.596E-01                                                      1.052E+09                                  1s0  329.4  117.0   40.0
  233   1.201216E+04   1.399918E+00   1.476E+12   1.737E+30   8.816E-04      1.482E-01                           2.550E-01                                                      1.016E+09                                  1s0  320.6  117.0   40.0
  234   1.201386E+04   1.399920E+00   1.421E+12   1.689E+30   8.484E-04      1.476E-01                           2.509E-01                                                      9.839E+08                                  1s0  312.3  116.0   40.0
  235   1.201557E+04   1.399923E+00   1.367E+12   1.642E+30   8.165E-04      1.470E-01                           2.464E-01                                                      9.489E+08                                  1s0  304.3  116.0   40.0
  236   1.201727E+04   1.399925E+00   1.316E+12   1.594E+30   7.858E-04      1.464E-01                           2.420E-01                                                      9.145E+08                                  1s0  296.6  116.0   40.0
  237   1.201898E+04   1.399927E+00   1.266E+12   1.546E+30   7.562E-04      1.458E-01                           2.376E-01                                                      8.805E+08                                  1s0  289.2  116.0   40.0
  238   1.202068E+04   1.399929E+00   1.218E+12   1.499E+30   7.278E-04      1.451E-01                           2.332E-01                                                      8.470E+08                                  1s0  282.1  116.0   40.0
  239   1.202239E+04   1.399931E+00   1.172E+12   1.451E+30   7.004E-04      1.445E-01                           2.289E-01                                                      8.139E+08                                  1s0  275.2  116.0   40.0
  240   1.202409E+04   1.399933E+00   1.128E+12   1.403E+30   6.741E-04      1.438E-01                           2.247E-01                                                      7.812E+08                                  1s0  268.6  116.0   40.0
  241   1.202579E+04   1.399936E+00   1.086E+12   1.356E+30   6.487E-04      1.431E-01                           2.204E-01                                                      7.490E+08                                  1s0  262.2  116.0   40.0
  242   1.202750E+04   1.399938E+00   1.045E+12   1.308E+30   6.244E-04      1.424E-01                           2.163E-01                                                      7.171E+08                                  1s0  256.1  116.0   40.0
  243   1.202962E+04   1.399940E+00   1.005E+12   1.268E+30   6.009E-04      1.417E-01                           2.121E-01                                                      6.855E+08                                  1s0  250.2  116.0   40.0
  244   1.203194E+04   1.399941E+00   9.676E+11   1.232E+30   5.783E-04      1.410E-01                           2.080E-01                                                      6.543E+08                                  1s0  244.6  116.0   40.0
  245   1.203426E+04   1.399943E+00   9.311E+11   1.195E+30   5.565E-04      1.402E-01                           2.040E-01                                                      6.234E+08                                  1s0  239.1  116.0   40.0
  246   1.203658E+04   1.399945E+00   8.961E+11   1.159E+30   5.355E-04      1.395E-01                           1.999E-01                                                      5.929E+08                                  1s0  233.9  116.0   40.0
  247   1.203890E+04   1.399946E+00   8.623E+11   1.122E+30   5.154E-04      1.387E-01                           1.960E-01                                                      5.626E+08                                  1s0  228.8  116.0   40.0
  248   1.204122E+04   1.399948E+00   8.298E+11   1.086E+30   4.959E-04      1.379E-01                           1.920E-01                                                      5.327E+08                                  1s0  224.0  116.0   40.0
  249   1.204354E+04   1.399950E+00   7.985E+11   1.049E+30   4.773E-04      1.371E-01                           1.881E-01                                                      5.032E+08                                  1s0  219.3  116.0   40.0
  250   1.204586E+04   1.399952E+00   7.685E+11   1.013E+30   4.593E-04      1.363E-01                           1.843E-01                                                      4.742E+08                                  1s0  214.8  116.0   40.0
  251   1.204818E+04   1.399953E+00   7.395E+11   9.762E+29   4.420E-04      1.355E-01                           1.804E-01                                                      4.458E+08                                  1s0  210.5  116.0   40.0
  252   1.205051E+04   1.399955E+00   7.116E+11   9.397E+29   4.254E-04      1.347E-01                           1.767E-01                                                      4.179E+08                                  1s0  206.3  116.0   40.0
  253   1.205283E+04   1.399957E+00   6.848E+11   9.032E+29   4.093E-04      1.338E-01                           1.729E-01                                                      3.906E+08                                  1s0  202.3  116.0   40.0
  254   1.205515E+04   1.399958E+00   6.590E+11   8.667E+29   3.939E-04      1.330E-01                           1.692E-01                                                      3.638E+08                                  1s0  198.4  116.0   40.0
  255   1.205747E+04   1.399960E+00   6.342E+11   8.303E+29   3.791E-04      1.322E-01                           1.655E-01                                                      3.374E+08                                  1s0  194.5  116.0   40.0
  256   1.205977E+04   1.399962E+00   6.103E+11   7.944E+29   3.648E-04      1.313E-01                           1.618E-01                                                      3.118E+08                                  1s0  190.8  116.0   40.0
  257   1.206163E+04   1.399962E+00   5.873E+11   7.801E+29   3.511E-04      1.305E-01                           1.581E-01                                                      2.869E+08                                  1s0  187.2  116.0   40.0
  258   1.206349E+04   1.399963E+00   5.652E+11   7.657E+29   3.379E-04      1.296E-01                           1.545E-01                                                      2.628E+08                                  1s0  183.8  116.0   40.0
  259   1.206535E+04   1.399964E+00   5.439E+11   7.514E+29   3.252E-04      1.287E-01                           1.509E-01                                                      2.395E+08                                  1s0  180.5  116.0   40.0
  260   1.206720E+04   1.399964E+00   5.234E+11   7.370E+29   3.130E-04      1.287E-01                           1.457E-01                                                      2.064E+08                                  1s0  174.1  116.0   40.0
  261   1.206906E+04   1.399965E+00   5.037E+11   7.227E+29   3.012E-04      1.287E-01                           1.399E-01                                                      1.719E+08                                  1s0  167.4  116.0   40.0
  262   1.207092E+04   1.399966E+00   4.847E+11   7.083E+29   2.899E-04      1.287E-01                           1.338E-01                                                      1.379E+08                                  1s0  160.9  116.0   40.0
  263   1.207278E+04   1.399966E+00   4.664E+11   6.939E+29   2.790E-04      1.288E-01                           1.274E-01                                                      1.046E+08                                  1s0  154.7  116.0   40.0
  264   1.207464E+04   1.399967E+00   4.488E+11   6.796E+29   2.685E-04      1.288E-01                           1.205E-01                                                      7.237E+07                                  1s0  148.8  116.0   40.0
  265   1.207650E+04   1.399968E+00   4.319E+11   6.652E+29   2.584E-04      1.289E-01                           1.131E-01                                                      4.172E+07                                  1s0  143.0  116.0   40.0
  266   1.207835E+04   1.399968E+00   4.157E+11   6.509E+29   2.487E-04      1.289E-01                           1.048E-01                                                      1.351E+07                                  1s0  137.5  116.0   40.0
  267   1.208021E+04   1.399969E+00   4.000E+11   6.365E+29   2.394E-04      1.290E-01                           9.542E-02                                                      8.963E+03                                  1s0  132.2  116.0   40.0
  268   1.208207E+04   1.399970E+00   3.849E+11   6.221E+29   2.304E-04      1.280E-01                                                                                                                                          130.0  130.0   40.0
  269   1.208393E+04   1.399970E+00   3.704E+11   6.078E+29   2.217E-04      1.264E-01                                                                                                                                          130.0  130.0   40.0
  270   1.208579E+04   1.399971E+00   3.564E+11   5.934E+29   2.133E-04      1.248E-01                                                                                                                                          130.0  130.0   40.0
  271   1.208765E+04   1.399972E+00   3.430E+11   5.790E+29   2.053E-04      1.232E-01                                                                                                                                          130.0  130.0   40.0
  272   1.208951E+04   1.399973E+00   3.301E+11   5.647E+29   1.975E-04      1.216E-01                                                                                                                                          130.0  130.0   40.0
  273   1.209137E+04   1.399973E+00   3.176E+11   5.503E+29   1.901E-04      1.214E-01                                                                                                                                           88.0   88.0   28.0
  274   1.209368E+04   1.399974E+00   3.057E+11   5.348E+29   1.830E-04      1.199E-01                                                                                                                                           88.0   88.0   28.0
  275   1.209769E+04   1.399975E+00   2.941E+11   5.153E+29   1.761E-04      1.184E-01                                                                                                                                           88.0   88.0   28.0
  276   1.210169E+04   1.399976E+00   2.831E+11   4.958E+29   1.695E-04      1.169E-01                                                                                                                                           88.0   88.0   28.0
  277   1.210570E+04   1.399977E+00   2.724E+11   4.763E+29   1.631E-04      1.154E-01                                                                                                                                           88.0   88.0   28.0
  278   1.210970E+04   1.399978E+00   2.621E+11   4.568E+29   1.570E-04      1.148E-01                                                                                                                                           86.0   86.0   28.0
  279   1.211371E+04   1.399979E+00   2.522E+11   4.373E+29   1.511E-04      1.133E-01                                                                                                                                           86.0   86.0   28.0
  280   1.211772E+04   1.399980E+00   2.427E+11   4.178E+29   1.454E-04      1.119E-01                                                                                                                                           86.0   86.0   28.0
  281   1.212172E+04   1.399980E+00   2.336E+11   3.982E+29   1.399E-04      1.105E-01                                                                                                                                           86.0   86.0   28.0
  282   1.212573E+04   1.399981E+00   2.248E+11   3.787E+29   1.346E-04      1.091E-01                                                                                                                                           86.0   86.0   28.0
  283   1.212973E+04   1.399982E+00   2.163E+11   3.592E+29   1.295E-04      1.077E-01                                                                                                                                           86.0   86.0   28.0
  284   1.213374E+04   1.399983E+00   2.081E+11   3.397E+29   1.246E-04      1.063E-01                                                                                                                                           86.0   86.0   28.0
  285   1.213774E+04   1.399984E+00   2.003E+11   3.204E+29   1.200E-04      1.058E-01                                                                                                                                           84.0   84.0   28.0
  286   1.214147E+04   1.399985E+00   1.927E+11   3.085E+29   1.155E-04      1.045E-01                                                                                                                                           84.0   84.0   28.0
  287   1.214521E+04   1.399985E+00   1.855E+11   2.967E+29   1.111E-04      1.031E-01                                                                                                                                           84.0   84.0   28.0
  288   1.214895E+04   1.399986E+00   1.785E+11   2.848E+29   1.069E-04      1.018E-01                                                                                                                                           84.0   84.0   28.0
  289   1.215268E+04   1.399986E+00   1.718E+11   2.729E+29   1.029E-04      1.005E-01                                                                                                                                           84.0   84.0   28.0
  290   1.215642E+04   1.399987E+00   1.653E+11   2.611E+29   9.902E-05      9.924E-02                                                                                                                                           84.0   84.0   28.0
  291   1.216016E+04   1.399988E+00   1.591E+11   2.492E+29   9.530E-05      9.798E-02                                                                                                                                           84.0   84.0   28.0
  292   1.216389E+04   1.399988E+00   1.531E+11   2.373E+29   9.171E-05      9.673E-02                                                                                                                                           84.0   84.0   28.0
  293   1.216763E+04   1.399989E+00   1.473E+11   2.255E+29   8.827E-05      9.551E-02                                                                                                                                           84.0   84.0   28.0
  294   1.217137E+04   1.399989E+00   1.417E+11   2.136E+29   8.495E-05      9.429E-02                                                                                                                                           84.0   84.0   28.0
  295   1.217510E+04   1.399990E+00   1.364E+11   2.018E+29   8.175E-05      9.385E-02                                                                                                                                           82.0   82.0   28.0
  296   1.217884E+04   1.399990E+00   1.313E+11   1.899E+29   7.868E-05      9.266E-02                                                                                                                                           82.0   82.0   28.0
  297   1.218221E+04   1.399991E+00   1.263E+11   1.829E+29   7.572E-05      9.148E-02                                                                                                                                           82.0   82.0   28.0
  298   1.218555E+04   1.399991E+00   1.215E+11   1.761E+29   7.288E-05      9.032E-02                                                                                                                                           82.0   82.0   28.0
  299   1.218890E+04   1.399992E+00   1.170E+11   1.692E+29   7.014E-05      8.918E-02                                                                                                                                           82.0   82.0   28.0
  300   1.219225E+04   1.399992E+00   1.126E+11   1.624E+29   6.751E-05      8.805E-02                                                                                                                                           82.0   82.0   28.0
  301   1.219560E+04   1.399992E+00   1.083E+11   1.556E+29   6.497E-05      8.693E-02                                                                                                                                           82.0   82.0   28.0
  302   1.219895E+04   1.399993E+00   1.042E+11   1.488E+29   6.253E-05      8.653E-02                                                                                                                                           80.0   80.0   28.0
  303   1.220230E+04   1.399993E+00   1.003E+11   1.420E+29   6.017E-05      8.543E-02                                                                                                                                           80.0   80.0   28.0
  304   1.220565E+04   1.399993E+00   9.652E+10   1.352E+29   5.791E-05      8.435E-02                                                                                                                                           80.0   80.0   28.0
  305   1.220900E+04   1.399994E+00   9.288E+10   1.283E+29   5.573E-05      8.327E-02                                                                                                                                           80.0   80.0   28.0
  306   1.221234E+04   1.399994E+00   8.938E+10   1.215E+29   5.363E-05      8.222E-02                                                                                                                                           80.0   80.0   28.0
  307   1.221569E+04   1.399994E+00   8.601E+10   1.147E+29   5.161E-05      8.117E-02                                                                                                                                           80.0   80.0   28.0
  308   1.221904E+04   1.399994E+00   8.277E+10   1.095E+29   4.966E-05      8.082E-02                                                                                                                                           78.0   78.0   28.0
  309   1.222238E+04   1.399995E+00   7.965E+10   1.051E+29   4.779E-05      7.979E-02                                                                                                                                           78.0   78.0   28.0
  310   1.222573E+04   1.399995E+00   7.664E+10   1.006E+29   4.599E-05      7.877E-02                                                                                                                                           78.0   78.0   28.0
  311   1.222907E+04   1.399995E+00   7.375E+10   9.618E+28   4.426E-05      7.777E-02                                                                                                                                           78.0   78.0   28.0
  312   1.223242E+04   1.399995E+00   7.097E+10   9.172E+28   4.259E-05      7.678E-02                                                                                                                                           78.0   78.0   28.0
  313   1.223576E+04   1.399996E+00   6.830E+10   8.727E+28   4.099E-05      7.581E-02                                                                                                                                           78.0   78.0   28.0
  314   1.223911E+04   1.399996E+00   6.572E+10   8.282E+28   3.944E-05      7.484E-02                                                                                                                                           78.0   78.0   28.0
  315   1.224245E+04   1.399996E+00   6.325E+10   7.836E+28   3.796E-05      7.389E-02                                                                                                                                           78.0   78.0   28.0
  316   1.224580E+04   1.399996E+00   6.086E+10   7.391E+28   3.653E-05      7.295E-02                                                                                                                                           78.0   78.0   28.0
  317   1.224914E+04   1.399996E+00   5.857E+10   6.946E+28   3.515E-05      7.202E-02                                                                                                                                           78.0   78.0   28.0
  318   1.225232E+04   1.399997E+00   5.636E+10   6.558E+28   3.383E-05      7.111E-02                                                                                                                                           78.0   78.0   28.0
  319   1.225506E+04   1.399997E+00   5.423E+10   6.319E+28   3.255E-05      7.020E-02                                                                                                                                           78.0   78.0   28.0
  320   1.225780E+04   1.399997E+00   5.219E+10   6.081E+28   3.133E-05      6.931E-02                                                                                                                                           78.0   78.0   28.0
  321   1.226055E+04   1.399997E+00   5.022E+10   5.842E+28   3.015E-05      6.843E-02                                                                                                                                           78.0   78.0   28.0
  322   1.226329E+04   1.399997E+00   4.833E+10   5.603E+28   2.902E-05      6.756E-02                                                                                                                                           78.0   78.0   28.0
  323   1.226603E+04   1.399997E+00   4.651E+10   5.364E+28   2.793E-05      6.671E-02                                                                                                                                           78.0   78.0   28.0
  324   1.226877E+04   1.399997E+00   4.475E+10   5.125E+28   2.688E-05      6.586E-02                                                                                                                                           78.0   78.0   28.0
  325   1.227152E+04   1.399997E+00   4.307E+10   4.887E+28   2.587E-05      6.502E-02                                                                                                                                           78.0   78.0   28.0
  326   1.227426E+04   1.399998E+00   4.144E+10   4.648E+28   2.489E-05      6.514E-02                                                                                                                                           80.0   80.0   30.0
  327   1.227700E+04   1.399998E+00   3.988E+10   4.409E+28   2.395E-05      6.431E-02                                                                                                                                           80.0   80.0   30.0
  328   1.227975E+04   1.399998E+00   3.838E+10   4.170E+28   2.305E-05      6.349E-02                                                                                                                                           80.0   80.0   30.0
  329   1.228249E+04   1.399998E+00   3.693E+10   3.936E+28   2.218E-05      6.268E-02                                                                                                                                           80.0   80.0   30.0
  330   1.228517E+04   1.399998E+00   3.554E+10   3.782E+28   2.134E-05      6.188E-02                                                                                                                                           80.0   80.0   30.0
  331   1.228786E+04   1.399998E+00   3.420E+10   3.628E+28   2.054E-05      6.109E-02                                                                                                                                           80.0   80.0   30.0
  332   1.229055E+04   1.399998E+00   3.291E+10   3.474E+28   1.976E-05      6.032E-02                                                                                                                                           80.0   80.0   30.0
  333   1.229324E+04   1.399998E+00   3.167E+10   3.321E+28   1.902E-05      5.955E-02                                                                                                                                           80.0   80.0   30.0
  334   1.229592E+04   1.399998E+00   3.048E+10   3.167E+28   1.830E-05      5.879E-02                                                                                                                                           80.0   80.0   30.0
  335   1.229861E+04   1.399998E+00   2.933E+10   3.013E+28   1.762E-05      5.805E-02                                                                                                                                           80.0   80.0   30.0
  336   1.230130E+04   1.399999E+00   2.822E+10   2.859E+28   1.695E-05      5.731E-02                                                                                                                                           80.0   80.0   30.0
  337   1.230399E+04   1.399999E+00   2.716E+10   2.706E+28   1.632E-05      5.659E-02                                                                                                                                           80.0   80.0   30.0
  338   1.230667E+04   1.399999E+00   2.613E+10   2.552E+28   1.570E-05      5.587E-02                                                                                                                                           80.0   80.0   30.0
  339   1.230936E+04   1.399999E+00   2.515E+10   2.398E+28   1.511E-05      5.516E-02                                                                                                                                           80.0   80.0   30.0
  340   1.231186E+04   1.399999E+00   2.420E+10   2.277E+28   1.454E-05      5.445E-02                                                                                                                                           80.0   80.0   30.0
  341   1.231413E+04   1.399999E+00   2.329E+10   2.192E+28   1.399E-05      5.376E-02                                                                                                                                           80.0   80.0   30.0
  342   1.231641E+04   1.399999E+00   2.241E+10   2.107E+28   1.347E-05      5.308E-02                                                                                                                                           80.0   80.0   30.0
  343   1.231869E+04   1.399999E+00   2.157E+10   2.022E+28   1.296E-05      5.240E-02                                                                                                                                           80.0   80.0   30.0
  344   1.232097E+04   1.399999E+00   2.075E+10   1.937E+28   1.247E-05      5.217E-02                                                                                                                                           78.0   78.0   30.0
  345   1.232325E+04   1.399999E+00   1.997E+10   1.852E+28   1.200E-05      5.151E-02                                                                                                                                           78.0   78.0   30.0
  346   1.232553E+04   1.399999E+00   1.922E+10   1.767E+28   1.155E-05      5.086E-02                                                                                                                                           78.0   78.0   30.0
  347   1.232780E+04   1.399999E+00   1.849E+10   1.682E+28   1.112E-05      5.021E-02                                                                                                                                           78.0   78.0   30.0
  348   1.233008E+04   1.399999E+00   1.780E+10   1.597E+28   1.070E-05      4.957E-02                                                                                                                                           78.0   78.0   30.0
  349   1.233236E+04   1.399999E+00   1.713E+10   1.512E+28   1.030E-05      4.894E-02                                                                                                                                           78.0   78.0   30.0
  350   1.233464E+04   1.399999E+00   1.648E+10   1.427E+28   9.909E-06      4.850E-02                                                                                                                                           72.0   72.0   28.0
  351   1.233685E+04   1.399999E+00   1.586E+10   1.355E+28   9.535E-06      4.788E-02                                                                                                                                           72.0   72.0   28.0
  352   1.233896E+04   1.399999E+00   1.526E+10   1.304E+28   9.175E-06      4.727E-02                                                                                                                                           72.0   72.0   28.0
  353   1.234107E+04   1.399999E+00   1.469E+10   1.253E+28   8.829E-06      4.667E-02                                                                                                                                           72.0   72.0   28.0
  354   1.234318E+04   1.399999E+00   1.413E+10   1.202E+28   8.496E-06      4.608E-02                                                                                                                                           72.0   72.0   28.0
  355   1.234530E+04   1.399999E+00   1.360E+10   1.151E+28   8.176E-06      4.549E-02                                                                                                                                           72.0   72.0   28.0
  356   1.234741E+04   1.399999E+00   1.309E+10   1.100E+28   7.867E-06      4.491E-02                                                                                                                                           72.0   72.0   28.0
  357   1.234952E+04   1.399999E+00   1.259E+10   1.049E+28   7.571E-06      4.493E-02                                                                                                                                           84.0   84.0   34.0
  358   1.235163E+04   1.399999E+00   1.212E+10   9.984E+27   7.285E-06      4.436E-02                                                                                                                                           84.0   84.0   34.0
  359   1.235374E+04   1.399999E+00   1.166E+10   9.474E+27   7.010E-06      4.380E-02                                                                                                                                           84.0   84.0   34.0
  360   1.235586E+04   1.400000E+00   1.122E+10   8.963E+27   6.746E-06      4.324E-02                                                                                                                                           84.0   84.0   34.0
  361   1.235797E+04   1.400000E+00   1.080E+10   8.453E+27   6.491E-06      4.269E-02                                                                                                                                           84.0   84.0   34.0
  362   1.236003E+04   1.400000E+00   1.039E+10   8.035E+27   6.246E-06      4.215E-02                                                                                                                                           84.0   84.0   34.0
  363   1.236205E+04   1.400000E+00   1.000E+10   7.709E+27   6.011E-06      4.161E-02                                                                                                                                           84.0   84.0   34.0
