    Time in years,  Te_inf includes ephi
    Temp and Lum are local values, i.e. no ephi


       Time= 1.663E+05      Te_inf 5.789E+05

 zone       Rad [m]      Rho [gm/cc]       exp(phi)          dvol        Temp [K]     Lum [Lsun]  
                                                                       no exp(phi)   no exp(2phi) 

  363   1.2362050E+04  1.0000000E+10  8.1478488E-01  9.4704651E+15    6.4531528E+07  7.2545189E-02
  361   1.2357967E+04  1.0798819E+10  8.1471680E-01  9.7980953E+15    6.4549404E+07  7.2557116E-02
  359   1.2353744E+04  1.1661449E+10  8.1464613E-01  9.9026576E+15    6.4567406E+07  7.2569179E-02
  357   1.2349520E+04  1.2592987E+10  8.1457546E-01  9.8967245E+15    6.4584919E+07  7.2581232E-02
  355   1.2345296E+04  1.3598938E+10  8.1450480E-01  9.8907933E+15    6.4601971E+07  7.2593163E-02
  353   1.2341073E+04  1.4685247E+10  8.1443415E-01  9.8848640E+15    6.4618577E+07  7.2605082E-02
  351   1.2336849E+04  1.5858332E+10  8.1436350E-01  1.0109896E+16    6.4634749E+07  7.2617291E-02
  349   1.2332360E+04  1.7125125E+10  8.1428811E-01  1.0651026E+16    6.4651523E+07  7.2630238E-02
  347   1.2327804E+04  1.8493112E+10  8.1421152E-01  1.0644132E+16    6.4668120E+07  7.2643179E-02
  345   1.2323247E+04  1.9970376E+10  8.1413494E-01  1.0637241E+16    6.4684300E+07  7.2656115E-02
  343   1.2318690E+04  2.1565647E+10  8.1405836E-01  1.0630352E+16    6.4700080E+07  7.2669034E-02
  341   1.2314134E+04  2.3288352E+10  8.1398180E-01  1.0623465E+16    6.4715474E+07  7.2681950E-02
  339   1.2309363E+04  2.5148669E+10  8.1390151E-01  1.2069605E+16    6.4731215E+07  7.2696701E-02
  337   1.2303987E+04  2.7157591E+10  8.1381072E-01  1.2514378E+16    6.4748541E+07  7.2712027E-02
  335   1.2298612E+04  2.9326990E+10  8.1371994E-01  1.2504805E+16    6.4765452E+07  7.2727360E-02
  333   1.2293236E+04  3.1669685E+10  8.1362917E-01  1.2495236E+16    6.4781962E+07  7.2742699E-02
  331   1.2287861E+04  3.4199519E+10  8.1353842E-01  1.2485671E+16    6.4798084E+07  7.2758050E-02
  329   1.2282485E+04  3.6931440E+10  8.1344767E-01  1.2597501E+16    6.4813828E+07  7.2773608E-02
  327   1.2277003E+04  3.9881593E+10  8.1335457E-01  1.2720992E+16    6.4829558E+07  7.2789400E-02
  325   1.2271517E+04  4.3067409E+10  8.1326143E-01  1.2711045E+16    6.4844938E+07  7.2805107E-02
  323   1.2266032E+04  4.6507714E+10  8.1316829E-01  1.2701103E+16    6.4859971E+07  7.2820818E-02
  321   1.2260547E+04  5.0222838E+10  8.1307517E-01  1.2691164E+16    6.4874663E+07  7.2836550E-02
  319   1.2255062E+04  5.4234732E+10  8.1298206E-01  1.2681230E+16    6.4889023E+07  7.2852299E-02
  317   1.2249142E+04  5.8567103E+10  8.1288131E-01  1.5063704E+16    6.4904204E+07  7.2871162E-02
  315   1.2242453E+04  6.3245553E+10  8.1276702E-01  1.5437766E+16    6.4921008E+07  7.2890547E-02
  313   1.2235763E+04  6.8297726E+10  8.1265274E-01  1.5423012E+16    6.4937445E+07  7.2909949E-02
  311   1.2229074E+04  7.3753476E+10  8.1253847E-01  1.5408265E+16    6.4953527E+07  7.2929367E-02
  309   1.2222384E+04  7.9645042E+10  8.1242422E-01  1.5393527E+16    6.4969265E+07  7.2948798E-02
  307   1.2215693E+04  8.6007237E+10  8.1230984E-01  1.5390718E+16    6.4984685E+07  7.2968327E-02
  305   1.2208996E+04  9.2877656E+10  8.1219463E-01  1.5382334E+16    6.4999858E+07  7.2987929E-02
  303   1.2202298E+04  1.0029690E+11  8.1207943E-01  1.5367583E+16    6.5014719E+07  7.3007540E-02
  301   1.2195600E+04  1.0830880E+11  8.1196425E-01  1.5352840E+16    6.5029280E+07  7.3027133E-02
  299   1.2188903E+04  1.1696071E+11  8.1184909E-01  1.5338105E+16    6.5043554E+07  7.3046733E-02
  297   1.2182205E+04  1.2630375E+11  8.1173395E-01  1.5361706E+16    6.5057547E+07  7.3066390E-02
  295   1.2175103E+04  1.3639313E+11  8.1161131E-01  1.7081051E+16    6.5072150E+07  7.3088457E-02
  293   1.2167630E+04  1.4728847E+11  8.1148181E-01  1.7062733E+16    6.5087265E+07  7.3110503E-02
  291   1.2160156E+04  1.5905415E+11  8.1135234E-01  1.7044426E+16    6.5102105E+07  7.3132549E-02
  289   1.2152683E+04  1.7175969E+11  8.1122288E-01  1.7026130E+16    6.5116682E+07  7.3154592E-02
  287   1.2145209E+04  1.8548017E+11  8.1109344E-01  1.7007844E+16    6.5131007E+07  7.3176629E-02
  285   1.2137736E+04  2.0029668E+11  8.1096403E-01  1.7583866E+16    6.5145092E+07  7.3199536E-02
  283   1.2129732E+04  2.1629675E+11  8.1082424E-01  1.8190322E+16    6.5160029E+07  7.3223345E-02
  281   1.2121721E+04  2.3357494E+11  8.1068433E-01  1.8169349E+16    6.5174749E+07  7.3247141E-02
  279   1.2113710E+04  2.5223334E+11  8.1054444E-01  1.8148390E+16    6.5189246E+07  7.3270921E-02
  277   1.2105700E+04  2.7238221E+11  8.1040458E-01  1.8127443E+16    6.5203534E+07  7.3294671E-02
  275   1.2097689E+04  2.9414061E+11  8.1026475E-01  1.8106511E+16    6.5217623E+07  7.3318400E-02
  273   1.2091367E+04  3.1763711E+11  8.1015420E-01  9.4291215E+15    6.5228598E+07  7.3330843E-02
  271   1.2087649E+04  3.4301056E+11  8.1008878E-01  8.3919413E+15    6.5235008E+07  7.3341998E-02
  269   1.2083931E+04  3.7041089E+11  8.1002336E-01  8.3874367E+15    6.5241339E+07  7.3353134E-02
  267   1.2080212E+04  4.0000000E+11  8.0995795E-01  8.3808610E+15    6.5247594E+07  7.3348531E-02
  265   1.2076496E+04  4.3193633E+11  8.0989258E-01  8.3742900E+15    6.5253930E+07  7.3341045E-02
  263   1.2072780E+04  4.6642248E+11  8.0982721E-01  8.3697938E+15    6.5260395E+07  7.3323130E-02
  261   1.2069063E+04  5.0366204E+11  8.0976184E-01  8.3652990E+15    6.5266847E+07  7.3322613E-02
  259   1.2065347E+04  5.4387484E+11  8.0969649E-01  8.3608054E+15    6.5273284E+07  7.3329857E-02
  257   1.2061630E+04  5.8729825E+11  8.0963113E-01  8.3563133E+15    6.5279705E+07  7.3339310E-02
  255   1.2057466E+04  6.3418863E+11  8.0955764E-01  1.0396553E+16    6.5286905E+07  7.3352443E-02
  253   1.2052825E+04  6.8482278E+11  8.0947550E-01  1.0420858E+16    6.5294922E+07  7.3366127E-02
  251   1.2048185E+04  7.3949959E+11  8.0939337E-01  1.0413858E+16    6.5302916E+07  7.3379986E-02
  249   1.2043544E+04  7.9854185E+11  8.0931124E-01  1.0406861E+16    6.5310884E+07  7.3393897E-02
  247   1.2038904E+04  8.6229809E+11  8.0922913E-01  1.0399866E+16    6.5318828E+07  7.3407815E-02
  245   1.2034263E+04  9.3114469E+11  8.0914702E-01  1.0392874E+16    6.5326744E+07  7.3421726E-02
  243   1.2029623E+04  1.0054880E+12  8.0906493E-01  9.9475177E+15    6.5334634E+07  7.3435051E-02
  241   1.2025794E+04  1.0857670E+12  8.0899694E-01  7.6257511E+15    6.5341138E+07  7.3445324E-02
  239   1.2022385E+04  1.1724556E+12  8.0893626E-01  7.6219785E+15    6.5346922E+07  7.3455587E-02
  237   1.2018976E+04  1.2660654E+12  8.0887558E-01  7.6182070E+15    6.5352685E+07  7.3465843E-02
  235   1.2015567E+04  1.3671491E+12  8.0881491E-01  7.6144365E+15    6.5358425E+07  7.3476090E-02
  233   1.2012158E+04  1.4763034E+12  8.0875424E-01  7.6106670E+15    6.5364142E+07  7.3486330E-02
  231   1.2008748E+04  1.5941727E+12  8.0869358E-01  7.6068985E+15    6.5369837E+07  7.3496562E-02
  229   1.2005339E+04  1.7214528E+12  8.0863292E-01  7.6031311E+15    6.5375509E+07  7.3506787E-02
  227   1.2001930E+04  1.8588950E+12  8.0857227E-01  7.5505785E+15    6.5381157E+07  7.3516951E-02
  225   1.1998597E+04  2.0073107E+12  8.0851274E-01  7.3554086E+15    6.5386675E+07  7.3526898E-02
  223   1.1995296E+04  2.1675761E+12  8.0845370E-01  7.3518737E+15    6.5392125E+07  7.3536839E-02
  221   1.1991994E+04  2.3406371E+12  8.0839466E-01  7.3483397E+15    6.5397553E+07  7.3546774E-02
  219   1.1988693E+04  2.5275155E+12  8.0833563E-01  7.3448067E+15    6.5402958E+07  7.3556704E-02
  217   1.1985392E+04  2.7293145E+12  8.0827660E-01  7.3412747E+15    6.5408337E+07  7.3566537E-02
  215   1.1982090E+04  2.9472252E+12  8.0821757E-01  7.3377435E+15    6.5413692E+07  7.3576359E-02
  213   1.1978789E+04  3.1825341E+12  8.0815855E-01  7.3342133E+15    6.5419025E+07  7.3586170E-02
  211   1.1975387E+04  3.4366303E+12  8.0809765E-01  8.1074442E+15    6.5424504E+07  7.3597053E-02
  209   1.1971588E+04  3.7110137E+12  8.0802940E-01  8.4306192E+15    6.5430617E+07  7.3608382E-02
  207   1.1967789E+04  4.0073041E+12  8.0796116E-01  8.4259395E+15    6.5436706E+07  7.3619700E-02
  205   1.1963990E+04  4.3272505E+12  8.0789292E-01  8.4212612E+15    6.5442770E+07  7.3631008E-02
  203   1.1960192E+04  4.6727418E+12  8.0782469E-01  8.4165844E+15    6.5448810E+07  7.3642307E-02
  201   1.1956393E+04  5.0458174E+12  8.0775647E-01  8.4119091E+15    6.5454826E+07  7.3653597E-02
  199   1.1952594E+04  5.4486796E+12  8.0768825E-01  8.9321700E+15    6.5460820E+07  7.3665601E-02
  197   1.1948015E+04  5.8837067E+12  8.0760568E-01  1.0803097E+16    6.5468047E+07  7.3680186E-02
  195   1.1943130E+04  6.3534667E+12  8.0751749E-01  1.0795352E+16    6.5475736E+07  7.3694755E-02
  193   1.1938246E+04  6.8607327E+12  8.0742931E-01  1.0787610E+16    6.5483398E+07  7.3709277E-02
  191   1.1933361E+04  7.4084993E+12  8.0734114E-01  1.0779870E+16    6.5491032E+07  7.3723751E-02
  189   1.1928476E+04  8.0000000E+12  8.0725298E-01  1.0772134E+16    6.5498640E+07  7.3738178E-02
  187   1.1923343E+04  8.6387266E+12  8.0716023E-01  1.2965789E+16    6.5506619E+07  7.3755578E-02
  185   1.1916957E+04  9.3284497E+12  8.0704431E-01  1.4059781E+16    6.5516556E+07  7.3774439E-02
  183   1.1910571E+04  1.0073241E+13  8.0692841E-01  1.4046524E+16    6.5526463E+07  7.3793239E-02
  181   1.1904184E+04  1.0877497E+13  8.0681252E-01  1.4033274E+16    6.5536342E+07  7.3811980E-02
  179   1.1897798E+04  1.1745965E+13  8.0669665E-01  1.4020031E+16    6.5546192E+07  7.3830662E-02
  177   1.1891084E+04  1.2683773E+13  8.0657464E-01  1.6409405E+16    6.5556537E+07  7.3852610E-02
  175   1.1883161E+04  1.3696456E+13  8.0642992E-01  1.7356754E+16    6.5568775E+07  7.3875831E-02
  173   1.1875238E+04  1.4789992E+13  8.0628523E-01  1.7336298E+16    6.5580984E+07  7.3898983E-02
  171   1.1867314E+04  1.5970837E+13  8.0614057E-01  1.7315856E+16    6.5593165E+07  7.3922029E-02
  169   1.1859391E+04  1.7245962E+13  8.0599593E-01  1.7295427E+16    6.5605319E+07  7.3944961E-02
  167   1.1850661E+04  1.8622894E+13  8.0583590E-01  2.0901683E+16    6.5618740E+07  7.3972834E-02
  165   1.1841021E+04  2.0109761E+13  8.0565852E-01  2.0983689E+16    6.5633587E+07  7.4000723E-02
  163   1.1831382E+04  2.1715341E+13  8.0548119E-01  2.0953302E+16    6.5648409E+07  7.4028470E-02
  161   1.1821742E+04  2.3449112E+13  8.0530389E-01  2.0922938E+16    6.5663205E+07  7.4056073E-02
  159   1.1812103E+04  2.5321308E+13  8.0512663E-01  2.2184875E+16    6.5677979E+07  7.4085342E-02
  157   1.1800918E+04  2.7342982E+13  8.0491937E-01  2.4959679E+16    6.5695231E+07  7.4118402E-02
  155   1.1789383E+04  2.9526069E+13  8.0470533E-01  2.4915870E+16    6.5713028E+07  7.4151292E-02
  153   1.1777847E+04  3.1883454E+13  8.0449135E-01  2.4872103E+16    6.5730805E+07  7.4184012E-02
  151   1.1766311E+04  3.4429056E+13  8.0427743E-01  2.4828376E+16    6.5748567E+07  7.4217451E-02
  149   1.1754356E+04  3.7177900E+13  8.0405529E-01  2.8251082E+16    6.5767002E+07  7.4255555E-02
  147   1.1740429E+04  4.0146214E+13  8.0379432E-01  2.9855896E+16    6.5788643E+07  7.4295657E-02
  145   1.1726502E+04  4.3351521E+13  8.0353344E-01  2.9791478E+16    6.5810267E+07  7.4335316E-02
  143   1.1712576E+04  4.6812743E+13  8.0327264E-01  2.9727133E+16    6.5831877E+07  7.4374496E-02
  141   1.1698649E+04  5.0550311E+13  8.0301192E-01  3.0166212E+16    6.5853474E+07  7.4413876E-02
  139   1.1683129E+04  5.4586289E+13  8.0271925E-01  3.5351564E+16    6.5877713E+07  7.4460112E-02
  137   1.1666491E+04  5.8944504E+13  8.0240417E-01  3.5258311E+16    6.5903807E+07  7.4505630E-02
  135   1.1649852E+04  6.3650682E+13  8.0208921E-01  3.5165185E+16    6.5929893E+07  7.4550365E-02
  133   1.1633214E+04  6.8732605E+13  8.0177438E-01  3.5072186E+16    6.5955973E+07  7.4594244E-02
  131   1.1616680E+04  7.4220273E+13  8.0146161E-01  2.8055470E+16    6.5981887E+07  7.4628948E-02
  129   1.1606426E+04  8.0146081E+13  8.0126543E-01  2.1520840E+16    6.5998145E+07  7.4656568E-02
  127   1.1596173E+04  8.6545010E+13  8.0106929E-01  2.1484699E+16    6.6014400E+07  7.4683489E-02
  125   1.1585919E+04  9.3454836E+13  8.0087321E-01  2.1448589E+16    6.6030652E+07  7.4709614E-02
  123   1.1575665E+04  1.0091635E+14  8.0067717E-01  2.1412510E+16    6.6046901E+07  7.4734825E-02
  121   1.1565411E+04  1.0897359E+14  8.0048118E-01  2.1376461E+16    6.6063148E+07  7.4758971E-02
  119   1.1555158E+04  1.1767413E+14  8.0028524E-01  2.1340444E+16    6.6079394E+07  7.4781861E-02
  117   1.1540044E+04  1.2706933E+14  7.9999502E-01  5.0244790E+16    6.6103464E+07  7.4833083E-02
  115   1.1511592E+04  1.3721465E+14  7.9944614E-01  5.8773093E+16    6.6149012E+07  7.4889235E-02
  113   1.1483140E+04  1.4816999E+14  7.9889764E-01  5.8482550E+16    6.6194574E+07  7.4941729E-02
  111   1.1454842E+04  1.6000000E+14  7.9835249E-01  9.9168419E+16    6.6239775E+07  7.5006962E-02
  109   1.1385627E+04  1.7638461E+14  7.9700593E-01  1.4066837E+17    6.6351689E+07  7.5107915E-02
  107   1.1315560E+04  1.9272006E+14  7.9564457E-01  1.4061132E+17    6.6465219E+07  7.5206128E-02
  105   1.1244614E+04  2.0589129E+14  7.9425144E-01  1.4052158E+17    6.6581801E+07  7.5299877E-02
  103   1.1172761E+04  2.1923073E+14  7.9284300E-01  1.4042253E+17    6.6700081E+07  7.5359965E-02
  101   1.1099973E+04  2.3193659E+14  7.9141367E-01  1.4030635E+17    6.6820544E+07  7.5392950E-02
   99   1.1026217E+04  2.4277082E+14  7.8995516E-01  1.4015823E+17    6.6943917E+07  7.5406740E-02
   97   1.0951460E+04  2.5375197E+14  7.8847961E-01  1.4000618E+17    6.7069196E+07  7.5402412E-02
   95   1.0875669E+04  2.6488517E+14  7.8698644E-01  1.3984631E+17    6.7196448E+07  7.5381319E-02
   93   1.0798807E+04  2.7476626E+14  7.8546587E-01  1.3966108E+17    6.7326534E+07  7.5348250E-02
   91   1.0720834E+04  2.8397090E+14  7.8392101E-01  1.3945152E+17    6.7459213E+07  7.5302499E-02
   89   1.0641711E+04  2.9331142E+14  7.8235646E-01  1.3923946E+17    6.7594119E+07  7.5244159E-02
   87   1.0561393E+04  3.0279299E+14  7.8077147E-01  1.3902007E+17    6.7731338E+07  7.5173240E-02
   85   1.0479835E+04  3.1241535E+14  7.7916527E-01  1.3879246E+17    6.7870962E+07  7.5090413E-02
   83   1.0396987E+04  3.2049759E+14  7.7753257E-01  1.3853444E+17    6.8013482E+07  7.4997831E-02
   81   1.0312797E+04  3.2871078E+14  7.7587692E-01  1.3826326E+17    6.8158618E+07  7.4895248E-02
   79   1.0227209E+04  3.3706031E+14  7.7419739E-01  1.3798666E+17    6.8306480E+07  7.4782553E-02
   77   1.0140165E+04  3.4555192E+14  7.7249302E-01  1.3770322E+17    6.8457187E+07  7.4659623E-02
   75   1.0051600E+04  3.5419193E+14  7.7076271E-01  1.3740891E+17    6.8610870E+07  7.4526288E-02
   73   9.9614470E+03  3.6230552E+14  7.6901292E-01  1.3709986E+17    6.8766986E+07  7.4380667E-02
   71   9.8696305E+03  3.6991531E+14  7.6724217E-01  1.3677374E+17    6.8925698E+07  7.4226474E-02
   69   9.7760737E+03  3.7766934E+14  7.6544204E-01  1.3643681E+17    6.9087795E+07  7.4063582E-02
   67   9.6806919E+03  3.8557462E+14  7.6361115E-01  1.3609093E+17    6.9253447E+07  7.3891848E-02
   65   9.5833915E+03  3.9363892E+14  7.6174794E-01  1.3573198E+17    6.9422840E+07  7.3711128E-02
   63   9.4840750E+03  4.0187032E+14  7.5985082E-01  1.3536233E+17    6.9596171E+07  7.3521163E-02
   61   9.3826329E+03  4.0973736E+14  7.5794000E-01  1.3498487E+17    6.9771630E+07  7.3306410E-02
   59   9.2789487E+03  4.1720219E+14  7.5601535E-01  1.3459749E+17    6.9949258E+07  7.2849875E-02
   57   9.1728946E+03  4.2483764E+14  7.5405177E-01  1.3419640E+17    7.0131419E+07  7.0200821E-02
   55   9.0643294E+03  4.3265389E+14  7.5204697E-01  1.3378053E+17    7.0318403E+07  6.8330421E-02
   53   8.9530993E+03  4.4066199E+14  7.4999849E-01  1.3334742E+17    7.0510508E+07  6.6427792E-02
   51   8.8390350E+03  4.4887414E+14  7.4790361E-01  1.3289692E+17    7.0708051E+07  6.4491938E-02
   49   8.7219475E+03  4.5691102E+14  7.4579341E-01  1.3244472E+17    7.0908160E+07  6.2509568E-02
   47   8.6016299E+03  4.6454462E+14  7.4368534E-01  1.3199713E+17    7.1109201E+07  6.0492613E-02
   45   8.4778479E+03  4.7239801E+14  7.4152279E-01  1.3152927E+17    7.1316625E+07  5.8441718E-02
   43   8.3503421E+03  4.8048766E+14  7.3930175E-01  1.3103910E+17    7.1530920E+07  5.6355674E-02
   41   8.2188190E+03  4.8883220E+14  7.3701770E-01  1.3052209E+17    7.1752640E+07  5.4233188E-02
   39   8.0829453E+03  4.9745276E+14  7.3466552E-01  1.2998173E+17    7.1982415E+07  5.2069133E-02
   37   7.9423442E+03  5.0567626E+14  7.3233765E-01  1.2946138E+17    7.2211268E+07  4.9850946E-02
   35   7.7965800E+03  5.1388496E+14  7.2997659E-01  1.2894013E+17    7.2444873E+07  4.7594250E-02
   33   7.6451516E+03  5.2241264E+14  7.2753185E-01  1.2838438E+17    7.2688355E+07  4.5297276E-02
   31   7.4874746E+03  5.3129221E+14  7.2499493E-01  1.2779016E+17    7.2942752E+07  4.2958180E-02
   29   7.3228607E+03  5.4056244E+14  7.2235584E-01  1.2715974E+17    7.3209290E+07  4.0569360E-02
   27   7.1504941E+03  5.4945993E+14  7.1975746E-01  1.2656395E+17    7.3473626E+07  3.8118227E-02
   25   6.9693902E+03  5.5852584E+14  7.1709126E-01  1.2595963E+17    7.3746853E+07  3.5620760E-02
   23   6.7783514E+03  5.6808908E+14  7.1428950E-01  1.2529667E+17    7.4036167E+07  3.3074236E-02
   21   6.5758899E+03  5.7822413E+14  7.1133216E-01  1.2457553E+17    7.4344016E+07  3.0470189E-02
   19   6.3601297E+03  5.8813589E+14  7.0839933E-01  1.2388949E+17    7.4651854E+07  2.7793559E-02
   17   6.1286441E+03  5.9842005E+14  7.0534667E-01  1.2318107E+17    7.4974987E+07  2.5060035E-02
   15   5.8782112E+03  6.0954598E+14  7.0205897E-01  1.2237435E+17    7.5326142E+07  2.2261916E-02
   13   5.6044015E+03  6.2079648E+14  6.9871545E-01  1.2157861E+17    7.5686646E+07  1.9378501E-02
   11   5.3008521E+03  6.3270641E+14  6.9517042E-01  1.2073192E+17    7.6072665E+07  1.6424386E-02
    9   4.9578756E+03  6.4555516E+14  6.9135274E-01  1.1980619E+17    7.6492798E+07  1.3374431E-02
    7   4.5594677E+03  6.5930245E+14  6.8726430E-01  1.1882185E+17    7.6947902E+07  1.0230325E-02
    5   4.0757241E+03  6.7438331E+14  6.8278357E-01  1.1771649E+17    7.7452933E+07  6.9713234E-03
    3   3.4375989E+03  6.9195846E+14  6.7757572E-01  1.1637434E+17    7.8048309E+07  3.5760362E-03
    1   2.3834979E+03  7.1438460E+14  6.7095428E-01  1.1416644E+17    7.8818633E+07  0.0000000E+00

