0.0
0.0
0.05005005005005005
0.00010322872789308695
0.1001001001001001
0.0015175137147707938
0.15015015015015015
0.005448957496061841
0.2002002002002002
0.01176504538052493
0.2502502502502503
0.020118203634312316
0.3003003003003003
0.03038283785226007
0.3503503503503504
0.042554248303126326
0.4004004004004004
0.056629667421233244
0.45045045045045046
0.07255205059908568
0.5005005005005005
0.09019404734354271
0.5505505505505506
0.10936130853786734
0.6006006006006006
0.12980407060832672
0.6506506506506506
0.15123173549926647
0.7007007007007008
0.17332795225567998
0.7507507507507508
0.19576494969131328
0.8008008008008008
0.21821642341486097
0.8508508508508509
0.2403685650318841
0.9009009009009009
0.26192901196951046
0.9509509509509511
0.2826336503865473
1.001001001001001
0.30225133182778247
1.0510510510510511
0.3205866644133874
1.1011011011011012
0.33748110913414436
1.1511511511511512
0.3528126523145624
1.2012012012012012
0.3664943394161534
1.2512512512512513
0.37847194979257875
1.3013013013013013
0.3887210706945636
1.3513513513513515
0.39724379866033394
1.4014014014014016
0.40406526133663423
1.4514514514514516
0.40923011588930697
1.5015015015015016
0.41279914554963526
1.5515515515515517
0.4148460429541764
1.6016016016016017
0.41545444175147617
1.6516516516516517
0.41471523365670726
1.7017017017017018
0.4127241889500062
1.7517517517517518
0.40957988421610364
1.8018018018018018
0.40538192877921764
1.8518518518518519
0.40022947457309327
1.9019019019019021
0.39421998788120804
1.9519519519519521
0.387448258551823
2.002002002002002
0.38000562202936844
2.052052052052052
0.37197936717445956
2.1021021021021022
0.3634523060907486
2.1521521521521523
0.3545024815977166
2.2022022022022023
0.3452029916054206
2.2522522522522523
0.3356219101367089
2.3023023023023024
0.325822287206063
2.3523523523523524
0.31586221364003325
2.4024024024024024
0.30579493616074493
2.4524524524524525
0.2956690113882894
2.5025025025025025
0.2855284894706813
2.5525525525525525
0.27541311956522335
2.6026026026026026
0.265358568720708
2.6526526526526526
0.25539665029953007
2.702702702702703
0.24555555633016493
2.752752752752753
0.23586009039604305
2.802802802802803
0.2263318980996159
2.852852852852853
0.2169896928008012
2.902902902902903
0.207849474867574
2.9529529529529532
0.1989247431391313
3.0030030030030033
0.19022669764952943
3.0530530530530533
0.18176443297895525
3.1031031031031033
0.17354512182392548
3.1531531531531534
0.1655741885976506
3.2032032032032034
0.1578554730104686
3.2532532532532534
0.15039138370090294
3.3033033033033035
0.14318304210837376
3.3533533533533535
0.13623041680903752
3.4034034034034035
0.12953244865426977
3.4534534534534536
0.12308716699461837
3.5035035035035036
0.11689179741683799
3.5535535535535536
0.11094286132776819
3.6036036036036037
0.10523626785098192
3.6536536536536537
0.09976739830450924
3.7037037037037037
0.09453118385278754
3.753753753753754
0.08952217647450746
3.8038038038038042
0.08473461393419852
3.8538538538538543
0.0801624788148815
3.9039039039039043
0.0757995522232383
3.9539539539539543
0.07163946240326677
4.004004004004004
0.06767572859761344
4.054054054054054
0.06390180056184286
4.104104104104104
0.0603110938400542
4.1541541541541545
0.05689702142671453
4.2042042042042045
0.05365302174476158
4.2542542542542545
0.05057258348620304
4.3043043043043046
0.047649267281990246
4.354354354354355
0.04487672481579601
4.404404404404405
0.042248715228382694
4.454454454454455
0.03975911924688494
4.504504504504505
0.037401951229608835
4.554554554554555
0.035171369111349805
4.604604604604605
0.03306168277889728
4.654654654654655
0.031067360696472042
4.704704704704705
0.02918303509222551
4.754754754754755
0.027403505923923845
4.804804804804805
0.02572374347188467
4.854854854854855
0.024138890236944596
4.904904904904905
0.022644261222333727
4.954954954954955
0.021235344251495265
5.005005005005005
0.01990779884728676
5.055055055055055
0.018657454786577325
5.105105105105105
0.017480309948659716
5.155155155155155
0.016372527784619086
5.205205205205205
0.015330434290203877
5.255255255255255
0.014350514480236711
5.305305305305305
0.01342940904632856
5.355355355355356
0.012563910003529535
5.405405405405406
0.01175095689473463
5.455455455455456
0.01098763230313113
5.505505505505506
0.01027115741800868
5.555555555555556
0.009598887520186372
5.605605605605606
0.008968307699572974
5.655655655655656
0.008377027738973749
5.705705705705706
0.007822777887564115
5.755755755755756
0.0073034043124589896
5.805805805805806
0.006816863714469996
5.855855855855856
0.006361220542104928
5.9059059059059065
0.005934640737278943
5.9559559559559565
0.005535388374774203
6.0060060060060065
0.005161821155953655
6.056056056056057
0.004812386055622697
6.106106106106107
0.004485615982371545
6.156156156156157
0.004180124599243309
6.206206206206207
0.00389460353277911
6.256256256256257
0.0036278182163376653
6.306306306306307
0.003378604332317206
6.356356356356357
0.003145864405780934
6.406406406406407
0.0029285641850026675
6.456456456456457
0.0027257301182153147
6.506506506506507
0.0025364453042875687
6.556556556556557
0.0023598471863055383
6.606606606606607
0.002195124430498331
6.656656656656657
0.0020415143278791335
6.706706706706707
0.0018983000166293562
6.756756756756757
0.0017648082097497084
6.806806806806807
0.001640406170999693
6.856856856856857
0.0015245007849897163
6.906906906906907
0.0014165348356929542
6.956956956956957
0.001315985849805505
7.007007007007007
0.0012223639123605397
7.057057057057057
0.001135209778451945
7.107107107107107
0.001054093130092062
7.157157157157157
0.0009786108378315363
7.207207207207207
0.0009083853500129084
7.257257257257257
0.0008430633262330921
7.307307307307307
0.0007823140881965365
7.357357357357357
0.0007258281534131065
7.407407407407407
0.0006733161314076597
7.4574574574574575
0.0006245074223073425
7.507507507507508
0.0005791490723616174
7.557557557557558
0.0005370047159887866
7.6076076076076085
0.0004978535970756798
7.6576576576576585
0.0004614894091960125
7.7077077077077085
0.00042771933857252675
7.7577577577577586
0.00039636413943251064
7.807807807807809
0.00036725568738377385
7.857857857857859
0.0003402373448669142
7.907907907907909
0.00031516342967075794
7.957957957957959
0.0002918975903797399
8.008008008008009
0.000270312882071285
8.058058058058059
0.0002502909741931854
8.108108108108109
0.0002317215457018473
8.158158158158159
0.00021450186234099248
8.208208208208209
0.00019853619786048166
8.258258258258259
0.00018373570543082798
8.308308308308309
0.00017001712820398842
8.358358358358359
0.00015730326953412963
8.408408408408409
0.00014552224372373998
8.458458458458459
0.00013460694254531047
8.508508508508509
0.00012449560543839155
8.558558558558559
0.0001151300928105277
8.608608608608609
0.00010645658962955727
8.65865865865866
9.842511576832286e-05
8.70870870870871
9.098883302797758e-05
8.75875875875876
8.410496988298257e-05
8.80880880880881
7.773311297550862e-05
8.85885885885886
7.183589547638516e-05
8.90890890890891
6.637862340307355e-05
8.95895895895896
6.132938386596478e-05
9.00900900900901
5.66580904722781e-05
9.05905905905906
5.2336992461112955e-05
9.10910910910911
4.834037747125147e-05
9.15915915915916
4.464404410923847e-05
9.20920920920921
4.122624234314726e-05
9.25925925925926
3.8066151400860556e-05
9.30930930930931
3.514470332683233e-05
9.35935935935936
3.244412548598896e-05
9.40940940940941
2.9947960411423095e-05
9.45945945945946
2.764129560402886e-05
9.50950950950951
2.5509740362817578e-05
9.55955955955956
2.3540274707933892e-05
9.60960960960961
2.1720822600318268e-05
9.65965965965966
2.004008162488287e-05
9.70970970970971
1.848765583833428e-05
9.75975975975976
1.7053915955371633e-05
9.80980980980981
1.572969285131322e-05
9.85985985985986
1.450725811529799e-05
9.90990990990991
1.3378447939587171e-05
9.95995995995996
1.2336250720103728e-05
10.01001001001001
1.137427506049962e-05
10.06006006006006
1.048656559878747e-05
10.11011011011011
9.667096724381613e-06
10.16016016016016
8.91108509496036e-06
10.21021021021021
8.213390045092904e-06
10.26026026026026
7.5697227733689075e-06
10.31031031031031
6.975901333843165e-06
10.36036036036036
6.428122895632022e-06
10.41041041041041
5.92286691516962e-06
10.46046046046046
5.456876118770089e-06
10.51051051051051
5.027138671263882e-06
10.56056056056056
4.6307938084876625e-06
10.61061061061061
4.265221799915948e-06
10.66066066066066
3.92839555467197e-06
10.710710710710712
3.617884228896798e-06
10.760760760760762
3.3316569976320975e-06
10.810810810810812
3.0678375561288383e-06
10.860860860860862
2.8246934002322874e-06
10.910910910910912
2.600621381135961e-06
10.960960960960962
2.3941442623035698e-06
11.011011011011012
2.2038960312398927e-06
11.061061061061062
2.0286156225226355e-06
11.111111111111112
1.8671383954829148e-06
11.161161161161163
1.7183899915902608e-06
11.211211211211213
1.5813775810707816e-06
11.261261261261263
1.455108849296661e-06
11.311311311311313
1.3386893437567672e-06
11.361361361361363
1.2316965993032734e-06
11.411411411411413
1.1331758981696406e-06
11.461461461461463
1.0424634006567584e-06
11.511511511511513
9.589466646618846e-07
11.561561561561563
8.820607207706445e-07
11.611611611611613
8.112851432799705e-07
11.661661661661663
7.461378705802268e-07
11.711711711711713
6.861763631770618e-07
11.761761761761763
6.309918750444724e-07
11.811811811811813
5.802075201339014e-07
11.861861861861863
5.334764104597626e-07
11.911911911911913
4.90477014986311e-07
11.961961961961963
4.508338414929995e-07
12.012012012012013
4.1422131622186437e-07
12.062062062062063
3.80767567299734e-07
12.112112112112113
3.4999317452917796e-07
12.162162162162163
3.2168603550020624e-07
12.212212212212213
2.956501207778658e-07
12.262262262262263
2.717048184723268e-07
12.312312312312313
2.4968373560409357e-07
12.362362362362363
2.294335914242571e-07
12.412412412412413
2.108131957444254e-07
12.462462462462463
1.9369250584549928e-07
12.512512512512513
1.7795175601242904e-07
12.562562562562563
1.63480654184997e-07
12.612612612612613
1.501776406252191e-07
12.662662662662663
1.3794920388306492e-07
12.712712712712714
1.266359384912704e-07
12.762762762762764
1.1616830470910238e-07
12.812812812812814
1.0669345551701049e-07
12.862862862862864
9.798589145277686e-08
12.912912912912914
8.998396661889576e-08
12.962962962962964
8.261141724039624e-08
13.013013013013014
7.583750820118921e-08
13.063063063063064
6.96332399453031e-08
13.113113113113114
6.393308316907172e-08
13.163163163163164
5.869638625985977e-08
13.213213213213214
5.388574826995015e-08
13.263263263263264
4.9466761424205874e-08
13.313313313313314
4.5407773807339265e-08
13.363363363363364
4.1609004828812554e-08
13.413413413413414
3.808837049511539e-08
13.463463463463464
3.4958765331398646e-08
13.513513513513514
3.208466583493234e-08
13.563563563563564
2.9445358997492583e-08
13.613613613613614
2.702179785335901e-08
13.663663663663664
2.4747135045561333e-08
13.713713713713714
2.2639762662913025e-08
13.763763763763764
2.076804303784273e-08
13.813813813813814
1.9034680133245266e-08
13.863863863863864
1.75329608438973e-08
13.913913913913914
1.6019758491906678e-08
13.963963963963964
1.4586364679937693e-08
14.014014014014014
1.3339413554641553e-08
14.064064064064064
1.2236806128159284e-08
14.114114114114114
1.1214034295674945e-08
14.164164164164164
1.0276305175553011e-08
14.214214214214214
9.425609179868947e-09
14.264264264264265
8.644936922077504e-09
14.314314314314315
7.868269873654214e-09
14.364364364364365
7.2159166861881135e-09
14.414414414414415
6.461828362568013e-09
14.464464464464465
5.925525005982451e-09
14.514514514514515
5.433492584709602e-09
14.564564564564565
4.9820980862955274e-09
14.614614614614615
4.518339845276486e-09
14.664664664664665
4.002610980073061e-09
14.714714714714715
3.6692578344488568e-09
14.764764764764765
3.3228121060213077e-09
14.814814814814815
3.0456988808449397e-09
14.864864864864865
2.633688397023444e-09
14.914914914914915
2.333197878537661e-09
14.964964964964967
2.075546011061666e-09
15.015015015015017
1.9012426905325775e-09
15.065065065065067
1.74150660990323e-09
15.115115115115117
1.5951267072199317e-09
15.165165165165167
1.4609920278014642e-09
15.215215215215217
1.3380835011392275e-09
15.265265265265267
1.2254663886034027e-09
15.315315315315317
1.122283347652491e-09
15.365365365365367
1.027748062601856e-09
15.415415415415417
9.411393960187956e-10
15.465465465465467
8.617960185043235e-10
15.515515515515517
7.891114780204484e-10
15.565565565565567
7.225296730494259e-10
15.615615615615617
6.615406967496359e-10
15.665665665665667
6.056770219210744e-10
15.715715715715717
5.54509999030085e-10
15.765765765765767
5.076466417846993e-10
15.815815815815817
4.6472667681418413e-10
15.865865865865867
4.2541983590340505e-10
15.915915915915917
3.894233709773835e-10
15.965965965965967
3.5645977363625137e-10
16.016016016016017
3.2627468251658386e-10
16.066066066066067
2.9863496311229797e-10
16.116116116116117
2.733269459362105e-10
16.166166166166168
2.5015481005079994e-10
16.216216216216218
2.28939100051657e-10
16.266266266266268
2.0951536555692496e-10
16.316316316316318
1.917329131475909e-10
16.366366366366368
1.75453661522976e-10
16.416416416416418
1.605510913890054e-10
16.466466466466468
1.4690928228912105e-10
16.516516516516518
1.344220292239122e-10
16.566566566566568
1.2299203249018637e-10
16.616616616616618
1.1253015470743432e-10
16.666666666666668
1.0295473949326929e-10
16.716716716716718
9.419098670293448e-11
16.766766766766768
8.617037956465124e-11
16.816816816816818
7.883015942533301e-11
16.866866866866868
7.211284417280379e-11
16.916916916916918
6.596578672362388e-11
16.966966966966968
6.034077026226241e-11
17.017017017017018
5.519363718979473e-11
17.067067067067068
5.048394899049943e-11
17.117117117117118
4.617467445449289e-11
17.167167167167168
4.223190390551534e-11
17.217217217217218
3.862458727670492e-11
17.26726726726727
3.532429405505867e-11
17.31731731731732
3.230499327857691e-11
17.36736736736737
2.9542851919999473e-11
17.41741741741742
2.701605012865712e-11
17.46746746746747
2.4704611928287983e-11
17.51751751751752
2.259025008461623e-11
17.56756756756757
2.0656223962913665e-11
17.61761761761762
1.8887209293436232e-11
17.66766766766767
1.726917885226428e-11
17.71771771771772
1.5789293147331226e-11
17.76776776776777
1.4435800274907196e-11
17.81781781781782
1.3197944181064275e-11
17.86786786786787
1.206588062619574e-11
17.91791791791792
1.1030600208967674e-11
17.96796796796797
1.0083857859568392e-11
18.01801801801802
9.218108261192697e-12
18.06806806806807
8.426446703710316e-12
18.11811811811812
7.702554914759265e-12
18.16816816816817
7.040651451376807e-12
18.21821821821822
6.435446270018253e-12
18.26826826826827
5.88209912467192e-12
18.31831831831832
5.3761814719960874e-12
18.36836836836837
4.913641589198059e-12
18.41841841841842
4.490772634945364e-12
18.46846846846847
4.1041834061292075e-12
18.51851851851852
3.75077156395833e-12
18.56856856856857
3.4276991218022283e-12
18.61861861861862
3.1323700045686275e-12
18.66866866866867
2.86240950531964e-12
18.71871871871872
2.6156454794269296e-12
18.76876876876877
2.3900911299445555e-12
18.81881881881882
2.18392925014263e-12
18.86886886886887
1.995497800386061e-12
18.91891891891892
1.823276706846294e-12
18.96896896896897
1.6658757789771861e-12
19.01901901901902
1.5220236513412038e-12
19.06906906906907
1.3905576633034934e-12
19.11911911911912
1.2704145973801139e-12
19.16916916916917
1.1606222036873105e-12
19.21921921921922
1.06029144404199e-12
19.26926926926927
9.686093948559818e-13
19.31931931931932
8.848327530904799e-13
19.36936936936937
8.082818942317764e-13
19.41941941941942
7.383354355502985e-13
19.46946946946947
6.744252618451983e-13
19.51951951951952
6.160319744864113e-13
19.56956956956957
5.626807278725598e-13
19.61961961961962
5.139374204520101e-13
19.66966966966967
4.694052102286187e-13
19.71971971971972
4.2872132721486967e-13
19.76976976976977
3.915541576224145e-13
19.81981981981982
3.576005767116071e-13
19.86986986986987
3.265835091737098e-13
19.91991991991992
2.9824969770715146e-13
19.96996996996997
2.7236766208631704e-13
20.02002002002002
2.4872583252043195e-13
20.07007007007007
2.2713084247279282e-13
20.12012012012012
2.074059673674796e-13
20.17017017017017
1.8938969676148742e-13
20.22022022022022
1.729344286138527e-13
20.27027027027027
1.5790527524799154e-13
20.32032032032032
1.441789714865931e-13
20.37037037037037
1.31642876246878e-13
20.42042042042042
1.20194059624128e-13
20.47047047047047
1.0973846816886669e-13
20.52052052052052
1.0019016168321509e-13
20.57057057057057
9.147061542955819e-14
20.62062062062062
8.350808216421896e-14
20.67067067067067
7.62370088843403e-14
20.72072072072072
6.959750361138592e-14
20.77077077077077
6.35348479329669e-14
20.82082082082082
5.799905138920525e-14
20.87087087087087
5.2944444123416084e-14
20.92092092092092
4.83293045221314e-14
20.97097097097097
4.4115518848814395e-14
21.02102102102102
4.026827013119369e-14
21.07107107107107
3.6755753796012397e-14
21.12112112112112
3.354891775895852e-14
21.17117117117117
3.062122487331678e-14
21.22122122122122
2.794843581999858e-14
21.27127127127127
2.5508410685469718e-14
21.32132132132132
2.3280927624009796e-14
21.371371371371374
2.124751713787762e-14
21.421421421421424
1.939131063441242e-14
21.471471471471475
1.7696902033857417e-14
21.521521521521525
1.6150221306669147e-14
21.571571571571575
1.4738418915090278e-14
21.621621621621625
1.3449760221588535e-14
21.671671671671675
1.2273529007092558e-14
21.721721721721725
1.1199939315418309e-14
21.771771771771775
1.0220054907474532e-14
21.821821821821825
9.325715670281077e-15
21.871871871871875
8.509470382032695e-15
21.921921921921925
7.764515285828814e-15
21.971971971971975
7.084637971685575e-15
22.022022022022025
6.464166109419152e-15
22.072072072072075
5.897920614283643e-15
22.122122122122125
5.3811728631767974e-15
22.172172172172175
4.9096056120793124e-15
22.222222222222225
4.4792772954307656e-15
22.272272272272275
4.086589415608129e-15
22.322322322322325
3.728256755781333e-15
22.372372372372375
3.401280172375057e-15
22.422422422422425
3.1029217443515335e-15
22.472472472472475
2.8306820757140723e-15
22.522522522522525
2.582279565168103e-15
22.572572572572575
2.355631472908868e-15
22.622622622622625
2.148836629159033e-15
22.672672672672675
1.960159642475162e-15
22.722722722722725
1.7880164780857447e-15
22.772772772772775
1.6309612877151361e-15
22.822822822822825
1.4876743825762572e-15
22.872872872872875
1.356951250564031e-15
22.922922922922925
1.237692527225619e-15
22.972972972972975
1.1288948378925831e-15
23.023023023023026
1.0296424354963894e-15
23.073073073073076
9.390995651104805e-16
23.123123123123126
8.565034922220691e-16
23.173173173173176
7.811581371830311e-16
23.223223223223226
7.124282632659953e-16
23.273273273273276
6.49734170299442e-16
23.323323323323326
5.925468500108097e-16
23.373373373373376
5.403835630036137e-16
23.423423423423426
4.928038007635629e-16
23.473473473473476
4.494055992584795e-16
23.523523523523526
4.0982217359261596e-16
23.573573573573576
3.7371884582192916e-16
23.623623623623626
3.4079024045397813e-16
23.673673673673676
3.107577243644699e-16
23.723723723723726
2.833670698798723e-16
23.773773773773776
2.58386321618483e-16
23.823823823823826
2.3560384936587985e-16
23.873873873873876
2.1482657079859716e-16
23.923923923923926
1.9587832927468386e-16
23.973973973973976
1.7859841319297097e-16
24.024024024024026
1.6284020459501993e-16
24.074074074074076
1.4846994575427124e-16
24.124124124124126
1.3536561347476716e-16
24.174174174174176
1.2341589171491882e-16
24.224224224224226
1.1251923396748643e-16
24.274274274274276
1.025830075719133e-16
24.324324324324326
9.352271281552322e-17
24.374374374374376
8.526127030144483e-17
24.424424424424426
7.77283706285664e-17
24.474474474474476
7.085988094702001e-17
24.524524524524526
6.459730342590988e-17
24.574574574574577
5.888728110211314e-17
24.624624624624627
5.3681146973585397e-17
24.674674674674677
4.893451256090749e-17
24.724724724724727
4.460689248982223e-17
24.774774774774777
4.066136194791043e-17
24.824824824824827
3.7064244142857475e-17
24.874874874874877
3.378482514019614e-17
24.924924924924927
3.079509368707307e-17
24.974974974974977
2.806950383735099e-17
25.025025025025027
2.558475838395633e-17
25.075075075075077
2.331961127839492e-17
25.125125125125127
2.125468737621356e-17
25.175175175175177
1.9372317992215542e-17
25.225225225225227
1.7656390881630516e-17
25.275275275275277
1.6092213384300477e-17
25.325325325325327
1.4666387579271307e-17
25.375375375375377
1.3366696397891206e-17
25.425425425425427
1.2181999735450214e-17
25.475475475475477
1.1102139685308647e-17
25.525525525525527
1.0117854096061042e-17
25.575575575575577
9.220697722192878e-18
25.625625625625627
8.402970302504223e-18
25.675675675675677
7.657650958815492e-18
25.725725725725727
6.978338360631375e-18
25.775775775775777
6.359196149955865e-18
25.825825825825827
5.794903164731613e-18
25.875875875875877
5.2806080397889825e-18
25.925925925925927
4.811887801071304e-18
25.975975975975977
4.38471010256058e-18
26.026026026026027
3.995398786043986e-18
26.076076076076077
3.640602471891562e-18
26.126126126126128
3.3172659145948967e-18
26.176176176176178
3.022603880158067e-18
26.226226226226228
2.754077323732001e-18
26.276276276276278
2.509371665318977e-18
26.326326326326328
2.286376979109233e-18
26.376376376376378
2.0831699281932726e-18
26.426426426426428
1.8979972911594314e-18
26.476476476476478
1.7292609405579633e-18
26.526526526526528
1.5755041455055057e-18
26.576576576576578
1.4353990819185446e-18
26.626626626626628
1.3077354440972554e-18
26.676676676676678
1.19141006071636e-18
26.726726726726728
1.0854174267969408e-18
26.776776776776778
9.888410710033824e-19
26.826826826826828
9.008456846984641e-19
26.876876876876878
8.206699456567028e-19
26.926926926926928
7.476199752356274e-19
26.976976976976978
6.810633731866242e-19
27.027027027027028
6.204237791965341e-19
27.077077077077078
5.6517591472972e-19
27.127127127127128
5.1484106282573e-19
27.177177177177178
4.6898294723406355e-19
27.227227227227228
4.2720397566694443e-19
27.27727727727728
3.891418150514205e-19
27.32732732732733
3.54466269490354e-19
27.37737737737738
3.228764342213201e-19
27.42742742742743
2.9409810121533313e-19
27.47747747747748
2.6788139420320045e-19
27.52752752752753
2.4399861287456945e-19
27.57757757757758
2.2224226777981156e-19
27.62762762762763
2.0242328909294236e-19
27.67767767767768
1.8436939387858718e-19
27.72772772772773
1.679235978601391e-19
27.77777777777778
1.5294285892120092e-19
27.82782782782783
1.392968406986414e-19
27.87787787787788
1.2686678565266125e-19
27.92792792792793
1.155444879358759e-19
27.97797797797798
1.0523135723753589e-19
28.02802802802803
9.583756555788838e-20
28.07807807807808
8.72812695779058e-20
28.12812812812813
7.948790193727358e-20
28.17817817817818
7.238952532407286e-20
28.22822822822823
6.592424381810175e-20
28.27827827827828
6.00356664207901e-20
28.32832832832833
5.467241815236992e-20
28.37837837837838
4.978769450518723e-20
28.42842842842843
4.533885541424394e-20
28.47847847847848
4.128705524542577e-20
28.52852852852853
3.759690561128147e-20
28.57857857857858
3.4236168106324135e-20
28.62862862862863
3.117547431102326e-20
28.67867867867868
2.8388070648143977e-20
28.72872872872873
2.58495858888698e-20
28.77877877877878
2.3537819301043794e-20
28.82882882882883
2.1432547609542266e-20
28.87887887887888
1.9515349100775935e-20
28.92892892892893
1.776944335098128e-20
28.97897897897898
1.617954519257818e-20
29.02902902902903
1.4731731655586088e-20
29.07907907907908
1.3413320732955369e-20
29.12912912912913
1.2212760920644399e-20
29.17917917917918
1.1119530576226801e-20
29.22922922922923
1.0124046224544996e-20
29.27927927927928
9.217579016161941e-21
29.32932932932933
8.39217861476355e-21
29.37937937937938
7.64060385383666e-21
29.42942942942943
6.956259561435187e-21
29.47947947947948
6.33313900516286e-21
29.52952952952953
5.765771458090943e-21
29.57957957957958
5.2491744306197476e-21
29.62962962962963
4.778810153658324e-21
29.67967967967968
4.3505459352878995e-21
29.72972972972973
3.9606180466055314e-21
29.77977977977978
3.605598823004359e-21
29.82982982982983
3.282366694998184e-21
29.87987987987988
2.9880788880812083e-21
29.929929929929934
2.720146554246087e-21
29.979979979979984
2.4762121188652454e-21
30.030030030030034
2.2541286458520136e-21
30.080080080080084
2.0519410415269398e-21
30.130130130130134
1.867868933568853e-21
30.180180180180184
1.700291075970612e-21
30.230230230230234
1.547731144168116e-21
30.280280280280284
1.4088447965854128e-21
30.330330330330334
1.2824078898402215e-21
30.380380380380384
1.1673057448798874e-21
30.430430430430434
1.0625233704526499e-21
30.480480480480484
9.671365586434772e-22
30.530530530530534
8.803037747883168e-22
30.580580580580584
8.012587709917153e-22
30.630630630630634
7.293038587699869e-22
30.680680680680684
6.638037820796569e-22
30.730730730730734
6.04180137218754e-22
30.780780780780784
5.499062908516864e-22
30.830830830830834
5.005027517482186e-22
30.880880880880884
4.555329557810849e-22
30.930930930930934
4.1459942732918165e-22
30.980980980980984
3.773402835154e-22
31.031031031031034
3.43426050698325e-22
31.081081081081084
3.125567653612745e-22
31.131131131131134
2.8445933402399764e-22
31.181181181181184
2.58885129063424e-22
31.231231231231234
2.356077993896673e-22
31.281281281281284
2.144212768000442e-22
31.331331331331334
1.9513796054335342e-22
31.381381381381384
1.775870641839471e-22
31.431431431431434
1.61613110273822e-22
31.481481481481485
1.4707455963325349e-22
31.531531531531535
1.3384256321774493e-22
31.581581581581585
1.217998256214511e-22
31.631631631631635
1.1083957024406332e-22
31.681681681681685
1.0086459703798069e-22
31.731731731731735
9.178642456310335e-23
31.781781781781785
8.352450881489531e-23
31.831831831831835
7.60055319638415e-23
31.881881881881885
6.916275475697542e-23
31.931931931931935
6.293542689008837e-23
31.981981981981985
5.726825016741198e-23
32.032032032032035
5.211088972844334e-23
32.08208208208208
4.741752904315028e-23
32.132132132132135
4.314646476079557e-23
32.18218218218218
3.925973784732908e-23
32.232232232232235
3.5722797764816016e-23
32.28228228228228
3.250419673648961e-23
32.332332332332335
2.957531140519216e-23
32.38238238238238
2.691008943362948e-23
32.432432432432435
2.4484818813977453e-23
32.48248248248248
2.227791785399147e-23
32.532532532532535
2.026974398849878e-23
32.58258258258258
1.8442419730714207e-23
32.632632632632635
1.6779674228532244e-23
32.68268268268268
1.5266699028260635e-23
32.732732732732735
1.3890016773247457e-23
32.78278278278278
1.2637361678724529e-23
32.832832832832835
1.1497570727843575e-23
32.88288288288288
1.046048462830664e-23
32.932932932932935
9.516857654948073e-24
32.98298298298298
8.65827558192364e-24
33.033033033033036
7.877080979437695e-24
33.08308308308308
7.166305214863327e-24
33.133133133133136
6.519606557207004e-24
33.18318318318318
5.931213837703085e-24
33.233233233233236
5.395875168321426e-24
33.28328328328328
4.908811264603368e-24
33.333333333333336
4.465672959866687e-24
33.38338338338338
4.062502534822535e-24
33.433433433433436
3.6956985203273054e-24
33.48348348348348
3.3619836616681304e-24
33.533533533533536
3.0583757607026237e-24
33.58358358358358
2.782161137602354e-24
33.633633633633636
2.5308704770962846e-24
33.68368368368368
2.302256845190283e-24
33.733733733733736
2.0942756815246344e-24
33.78378378378378
1.9050665900060364e-24
33.833833833833836
1.7329367662532085e-24
33.88388388388388
1.5763459148791027e-24
33.933933933933936
1.4338925228142408e-24
33.98398398398398
1.3043013668802638e-24
34.034034034034036
1.1864121447478026e-24
34.08408408408408
1.0791691283624917e-24
34.134134134134136
9.816117479770577e-25
34.18418418418419
8.928660231736083e-25
34.234234234234236
8.121367647638927e-25
34.28428428428429
7.387004782886544e-25
34.334334334334336
6.718989060565296e-25
34.38438438438439
6.111331503244811e-25
34.434434434434436
5.558583253765076e-25
34.48448448448449
5.05578690948401e-25
34.53453453453454
4.598432237178182e-25
34.58458458458459
4.182415874660759e-25
34.63463463463464
3.804004660573811e-25
34.68468468468469
3.4598022660206017e-25
34.73473473473474
3.1467188310295523e-25
34.78478478478479
2.8619433355272057e-25
34.83483483483484
2.602918458795009e-25
34.88488488488489
2.3673177034951733e-25
34.93493493493494
2.153024580480108e-25
34.98498498498499
1.9581136689186512e-25
35.03503503503504
1.780833382948594e-25
35.08508508508509
1.6195902912407403e-25
35.13513513513514
1.472934849675074e-25
35.18518518518519
1.3395484199014834e-25
35.23523523523524
1.2182314580015884e-25
35.28528528528529
1.1078927678828613e-25
35.33533533533534
1.0075397235159903e-25
35.38538538538539
9.162693727530572e-26
35.43543543543544
8.332603433168258e-26
35.48548548548549
7.577654786966177e-26
35.53553553553554
6.891051381907774e-26
35.58558558558559
6.266611012538638e-26
35.63563563563564
5.698710216940188e-26
35.68568568568569
5.182233821678572e-26
35.73573573573574
4.712529038819158e-26
35.78578578578579
4.2853637046949556e-26
35.83583583583584
3.8968882870703117e-26
35.88588588588589
3.5436013209619046e-26
35.93593593593594
3.222317963982708e-26
35.98598598598599
2.930141389916933e-26
36.03603603603604
2.6644367645783616e-26
36.08608608608609
2.4228075710600353e-26
36.13613613613614
2.2030740724715803e-26
36.18618618618619
2.0032537193519458e-26
36.23623623623624
1.8215433263247502e-26
36.28628628628629
1.656302858372437e-26
36.33633633633634
1.5060406814959737e-26
36.38638638638639
1.3694001456166947e-26
36.43643643643644
1.2451473794924625e-26
36.48648648648649
1.1321601882584363e-26
36.53653653653654
1.0294179540682817e-26
36.58658658658659
9.359924492853012e-27
36.63663663663664
8.51039479840789e-27
36.68668668668669
7.737912838064704e-27
36.73673673673674
7.035496169899554e-27
36.78678678678679
6.3967946351309884e-27
36.83683683683684
5.816033149312333e-27
36.88688688688689
5.2879596654319985e-27
36.93693693693694
4.807797841767309e-27
36.98698698698699
4.37120398948679e-27
37.03703703703704
3.974227913363451e-27
37.08708708708709
3.6132772938526916e-27
37.13713713713714
3.285085290547284e-27
37.18718718718719
2.986681075904356e-27
37.23723723723724
2.715363034427448e-27
37.28728728728729
2.4686743863936506e-27
37.33733733733734
2.2443810169748326e-27
37.38738738738739
2.0404513113901187e-27
37.43743743743744
1.855037814736138e-27
37.48748748748749
1.6864605515200494e-27
37.53753753753754
1.5331918548256251e-27
37.58758758758759
1.393842568598394e-27
37.63763763763764
1.2671494988717226e-27
37.68768768768769
1.1519640009747906e-27
37.73773773773774
1.0472415999725667e-27
37.78778778778779
9.520325508723912e-28
37.83783783783784
8.654732535807613e-28
37.88788788788789
7.867784452773468e-28
37.93793793793794
7.1523409986506265e-28
37.98798798798799
6.501909705132495e-28
38.03803803803804
5.910587170968871e-28
38.08808808808809
5.37300565596087e-28
38.13813813813814
4.884284513078887e-28
38.18818818818819
4.439986020759322e-28
38.23823823823824
4.0360752170519345e-28
38.28828828828829
3.668883373313455e-28
38.33833833833834
3.335074777921815e-28
38.38838838838839
3.0316165302922396e-28
38.43843843843844
2.7557510725971483e-28
38.48848848848849
2.504971211253379e-28
38.53853853853854
2.2769974026795233e-28
38.58858858858859
2.069757098229622e-28
38.63863863863864
1.8813659617743687e-28
38.68868868868869
1.710110790281436e-28
38.73873873873874
1.5544339831054773e-28
38.78878878878879
1.412919419663318e-28
38.83883883883884
1.284279617876344e-28
38.88888888888889
1.167344057314765e-28
38.93893893893894
1.061048561489778e-28
38.98898898898899
9.644256432968055e-29
39.03903903903904
8.765957263080977e-29
39.08908908908909
7.967591625188453e-29
39.13913913913914
7.241889743435103e-29
39.18918918918919
6.582242551987991e-29
39.23923923923924
5.982641689590946e-29
39.28928928928929
5.437624939796624e-29
39.33933933933934
4.9422266230389526e-29
39.38938938938939
4.491932491452088e-29
39.43943943943944
4.082638718045477e-29
39.48948948948949
3.710614608850491e-29
39.53953953953954
3.372468700321043e-29
39.58958958958959
3.0651179348767884e-29
39.63963963963964
2.7857596353219704e-29
39.68968968968969
2.5318460241869613e-29
39.73973973973974
2.3010610570667416e-29
39.78978978978979
2.0912993599669315e-29
39.83983983983984
1.900647079711231e-29
39.88988988988989
1.7273644737785542e-29
39.93993993993994
1.5698700816868148e-29
39.98998998998999
1.4267263343589718e-29
40.04004004004004
1.2966264709300152e-29
40.090090090090094
1.17838264429495e-29
40.14014014014014
1.0709151074666045e-29
40.190190190190194
9.732423826042276e-30
40.24024024024024
8.844723234786272e-30
40.290290290290294
8.037939902364178e-30
40.34034034034034
7.304702626895846e-30
40.390390390390394
6.638311250512152e-30
40.44044044044044
6.032675611271324e-30
40.490490490490494
5.482260045085726e-30
40.54054054054054
4.982032933454268e-30
40.590590590590594
4.52742083856494e-30
40.64064064064064
4.1142668089557266e-30
40.690690690690694
3.7387924767636405e-30
40.74074074074074
3.397563602006243e-30
40.790790790790794
3.087458750625741e-30
40.84084084084084
2.805640821477707e-30
40.890890890890894
2.5495311633129082e-30
40.94094094094094
2.316786046322149e-30
40.990990990990994
2.1052752741980865e-30
41.04104104104104
1.9130627421139336e-30
41.091091091091094
1.738388763696625e-30
41.14114114114114
1.5796540061477645e-30
41.191191191191194
1.4354048872792938e-30
41.24124124124124
1.3043203015197876e-30
41.291291291291294
1.1851995540277007e-30
41.34134134134134
1.0769513930331225e-30
41.391391391391394
9.785840405152117e-31
41.44144144144144
8.891961304031152e-31
41.491491491491495
8.079684717423484e-31
41.54154154154154
7.341565617743777e-31
41.591591591591595
6.67083780699959e-31
41.64164164164164
6.061352061005069e-31
41.691691691691695
5.507519906314575e-31
41.74174174174174
5.004262517290243e-31
41.791791791791795
4.546964267330357e-31
41.84184184184184
4.131430510666244e-31
41.891891891891895
3.7538492096587477e-31
41.94194194194194
3.410756057554102e-31
41.991991991991995
3.0990027784976624e-31
42.04204204204204
2.815728315552944e-31
42.092092092092095
2.5583326437875147e-31
42.14214214214214
2.3244529694120164e-31
42.192192192192195
2.111942097704318e-31
42.24224224224224
1.9188487722239057e-31
42.292292292292295
1.7433998057917176e-31
42.34234234234234
1.583983840050869e-31
42.392392392392395
1.439136585274552e-31
42.44244244244244
1.3075274055900015e-31
42.492492492492495
1.1879471270597263e-31
42.54254254254254
1.0792969572190515e-31
42.592592592592595
9.805784148101584e-32
42.64264264264264
8.908841776726536e-32
42.692692692692695
8.093897651307002e-32
42.74274274274275
7.353459788349176e-32
42.792792792792795
6.680720329417813e-32
42.84284284284285
6.069493108077037e-32
42.892892892892895
5.51415691096954e-32
42.94294294294295
5.009603914029358e-32
42.992992992992995
4.551192822104317e-32
43.04304304304305
4.134706283229961e-32
43.093093093093096
3.7563121878618424e-32
43.14314314314315
3.4125284988719713e-32
43.193193193193196
3.100191290390475e-32
43.24324324324325
2.8164257029031324e-32
43.293293293293296
2.5586195486793613e-32
43.34334334334335
2.324399325837743e-32
43.393393393393396
2.1116084213841576e-32
43.44344344344345
1.918287303577083e-32
43.493493493493496
1.742655522173017e-32
43.54354354354355
1.5830953516432605e-32
43.593593593593596
1.438136927487601e-32
43.64364364364365
1.3064447394326314e-32
43.693693693693696
1.186805357721792e-32
43.74374374374375
1.0781162799908716e-32
43.793793793793796
9.793757964816102e-33
43.84384384384385
8.896737806695123e-33
43.893893893893896
8.081833208565367e-33
43.94394394394395
7.341531159805283e-33
43.993993993993996
6.669005658937518e-33
44.04404404404405
6.05805492724165e-33
44.094094094094096
5.5030443571535935e-33
44.14414414414415
4.998854671955893e-33
44.194194194194196
4.5408348210248864e-33
44.24424424424425
4.1247591782989116e-33
44.294294294294296
3.746788651083632e-33
44.34434434434435
3.403435342154394e-33
44.394394394394396
3.091530440700051e-33
44.44444444444445
2.8081950472581996e-33
44.4944944944945
2.55081366470326e-33
44.54454454454455
2.317010111800929e-33
44.5945945945946
2.1046256380681363e-33
44.64464464464465
1.9116990388728355e-33
44.6946946946947
1.7364485880633578e-33
44.74474474474475
1.5772556220958417e-33
44.7947947947948
1.4326496247870182e-33
44.84484484484485
1.3012946755939534e-33
44.8948948948949
1.1819771368407756e-33
44.94494494494495
1.0735944666879492e-33
44.994994994995
9.751450549775213e-34
45.04504504504505
8.857189884813894e-34
45.0950950950951
8.044896606171763e-34
45.14514514514515
7.307061484530665e-34
45.1951951951952
6.636862868731071e-34
45.24524524524525
6.028103761798741e-34
45.2952952952953
5.4751546523300595e-34
45.34534534534535
4.972901575113023e-34
45.3953953953954
4.516698922933528e-34
45.44544544544545
4.10232657518964e-34
45.4954954954955
3.725950948630655e-34
45.54554554554555
3.3840896115999804e-34
45.5955955955956
3.0735791359350817e-34
45.64564564564565
2.7915458904547668e-34
45.6956956956957
2.5353795070240404e-34
45.74574574574575
2.3027087747731595e-34
45.7957957957958
2.091379740389912e-34
45.84584584584585
1.899435812703287e-34
45.8958958958959
1.725099688223871e-34
45.94594594594595
1.5667569310655962e-34
45.995995995996
1.422941055903714e-34
46.04604604604605
1.2923199764606852e-34
46.0960960960961
1.173683694585607e-34
46.14614614614615
1.065933116416138e-34
46.1961961961962
9.680698924929579e-35
46.24624624624625
8.791871881273673e-35
46.2962962962963
7.98461298892742e-35
46.34634634634635
7.251440338961992e-35
46.3963963963964
6.58555796561548e-35
46.44644644644645
5.98079299082025e-35
46.4964964964965
5.43153852541579e-35
46.54654654654655
4.932701800093558e-35
46.5965965965966
4.479657047333044e-35
46.64664664664665
4.0682026993860515e-35
46.6966966966967
3.694522507166359e-35
46.74674674674675
3.355150221054915e-35
46.7967967967968
3.0469375074852637e-35
46.84684684684685
2.7670248050153365e-35
46.8968968968969
2.5128148507122665e-35
46.94694694694695
2.2819486323083026e-35
46.996996996997
2.072283543972759e-35
47.04704704704705
1.8818735438754075e-35
47.0970970970971
1.7089511301948676e-35
47.14714714714715
1.5519109690071075e-35
47.1971971971972
1.409295022739862e-35
47.24724724724725
1.279779041730559e-35
47.2972972972973
1.1621602940125723e-35
47.34734734734735
1.0553464198872067e-35
47.3973973973974
9.583453082279708e-36
47.44744744744745
8.702559008993264e-36
47.4974974974975
7.902598402465972e-36
47.54754754754755
7.17613882401218e-36
47.5975975975976
6.516430062222106e-36
47.64764764764765
5.9173415412165305e-36
47.6976976976977
5.3733054686253636e-36
47.74774774774775
4.879265197212285e-36
47.7977977977978
4.4306283222695576e-36
47.84784784784785
4.023224080678485e-36
47.8978978978979
3.653264657309594e-36
47.94794794794795
3.317310040559291e-36
47.997997997998
3.012236101646115e-36
48.04804804804805
2.7352056020999816e-36
48.0980980980981
2.4836418609667785e-36
48.14814814814815
2.2552048378503112e-36
48.1981981981982
2.0477694102676758e-36
48.24824824824825
1.8594056440939743e-36
48.2982982982983
1.688360874318152e-36
48.34834834834835
1.5330434300830514e-36
48.3983983983984
1.3920078532037634e-36
48.44844844844845
1.2639414731806918e-36
48.4984984984985
1.147652214283658e-36
48.54854854854855
1.0420575216885543e-36
48.5985985985986
9.461743040118026e-37
48.64864864864865
8.591097989986755e-37
48.6986986986987
7.80053277672679e-37
48.74874874874875
7.082685100181688e-37
48.7987987987988
6.430869223240639e-37
48.84884884884885
5.839013827232114e-37
48.8988988988989
5.3016055728350396e-37
48.94894894894895
4.8136378429289366e-37
48.998998998999
4.370564191835153e-37
49.04904904904905
3.968256069015703e-37
49.0990990990991
3.6029644249228043e-37
49.14914914914915
3.2712848426754857e-37
49.1991991991992
2.9701258719339914e-37
49.24924924924925
2.6966802710290014e-37
49.2992992992993
2.448398890376121e-37
49.34934934934935
2.2229669546974546e-37
49.3993993993994
2.0182825238251624e-37
49.44944944944945
1.832436932067012e-37
49.4994994994995
1.663697024472355e-37
49.54954954954955
1.5104890250054297e-37
49.5995995995996
1.3713838867780614e-37
49.64964964964965
1.245083988244573e-37
49.6996996996997
1.130411051755655e-37
49.74974974974975
1.0262951722115464e-37
49.7997997997998
9.317648538612471e-38
49.84984984984985
8.459379626524825e-38
49.8998998998999
7.680135100386424e-38
49.94994994994995
6.972641918685049e-38
50.0
6.330296129975664e-38
