0.0
0.0
0.05005005005005005
8.97055398447522e-06
0.1001001001001001
0.00018946078140861118
0.15015015015015015
0.0009280657190245834
0.2002002002002002
0.00251354720786333
0.2502502502502503
0.004990764206489321
0.3003003003003003
0.008267945918041555
0.3503503503503504
0.012243994308076305
0.4004004004004004
0.01686061016366194
0.45045045045045046
0.022100768265796263
0.5005005005005005
0.027970582529712622
0.5505505505505506
0.03448319854457664
0.6006006006006006
0.04164900572390144
0.6506506506506506
0.04947092801521903
0.7007007007007008
0.05794270231107956
0.7507507507507508
0.06704862841384035
0.8008008008008008
0.07676397442031001
0.8508508508508509
0.08705564107771856
0.9009009009009009
0.09788294003421316
0.9509509509509511
0.10919843115136982
1.001001001001001
0.12094880243191526
1.0510510510510511
0.1330757837945625
1.1011011011011012
0.14551708476375017
1.1511511511511512
0.15820734309618817
1.2012012012012012
0.17107906944557139
1.2512512512512513
0.18406357250175648
1.3013013013013013
0.19709184962391224
1.3513513513513515
0.2100954294630874
1.4014014014014016
0.22300715504137308
1.4514514514514516
0.23576189798636255
1.5015015015015016
0.24829719696479158
1.5515515515515517
0.260553815628455
1.6016016016016017
0.27247621753957013
1.6516516516516517
0.28401295749733774
1.7017017017017018
0.295116990398815
1.7517517517517518
0.30574590031010535
1.8018018018018018
0.31586205356786856
1.8518518518518519
0.3254326807571919
1.9019019019019021
0.33442989343555984
1.9519519519519521
0.34283064112231554
2.002002002002002
0.35061661568482416
2.052052052052052
0.3577741096197097
2.1021021021021022
0.364293834528209
2.1521521521521523
0.3701707065851658
2.2022022022022023
0.37540360522104166
2.2522522522522523
0.37999511092840477
2.3023023023023024
0.3839512277570259
2.3523523523523524
0.38728109561369234
2.4024024024024024
0.38999669700171113
2.4524524524524525
0.3921125624206113
2.5025025025025025
0.3936454779564715
2.5525525525525525
0.3946141983557166
2.6026026026026026
0.3950391684018276
2.6526526526526526
0.3949422545102245
2.702702702702703
0.3943464887467212
2.752752752752753
0.39327582663097427
2.802802802802803
0.39175491947303087
2.852852852852853
0.389808902723804
2.902902902902903
0.3874632000010599
2.9529529529529532
0.38474334356827383
3.0030030030030033
0.3816748111164261
3.0530530530530533
0.37828287835247915
3.1031031031031033
0.37459248764273645
3.1531531531531534
0.370628131570385
3.2032032032032034
0.3664137512054279
3.2532532532532534
0.36197264822961805
3.3033033033033035
0.3573274102287588
3.3533533533533535
0.35249984825381436
3.4034034034034035
0.3475109459471021
3.4534534534534536
0.34238081926611685
3.5035035035035036
0.33712868602636226
3.5535535535535536
0.3317728444041763
3.6036036036036037
0.3263306595150499
3.6536536536536537
0.3208185573857333
3.7037037037037037
0.3152520254378625
3.753753753753754
0.3096456187953407
3.8038038038038042
0.3040129716916871
3.8538538538538543
0.29836681346130645
3.9039039039039043
0.2927189880563908
3.9539539539539543
0.28708047724977015
4.004004004004004
0.28146142622026743
4.054054054054054
0.27587117161914104
4.104104104104104
0.270318271274907
4.1541541541541545
0.26481053538982247
4.2042042042042045
0.2593550587093964
4.2542542542542545
0.2539582533922214
4.3043043043043046
0.2486258822924386
4.354354354354355
0.24336309234585726
4.404404404404405
0.23817444787431621
4.454454454454455
0.2330639635794192
4.504504504504505
0.22803513706614204
4.554554554554555
0.2230909807213999
4.604604604604605
0.21823405287915465
4.654654654654655
0.21346648803722992
4.704704704704705
0.2087900262334668
4.754754754754755
0.20420604133207648
4.804804804804805
0.1997155682374207
4.854854854854855
0.19531932903387214
4.904904904904905
0.19101775795414794
4.954954954954955
0.18681102519407067
5.005005005005005
0.18269905957578472
5.055055055055055
0.1786815700304451
5.105105105105105
0.1747580659472215
5.155155155155155
0.17092787636711462
5.205205205205205
0.1671901680741017
5.255255255255255
0.1635439625862705
5.305305305305305
0.159988152089947
5.355355355355356
0.1565215143473471
5.405405405405406
0.1531427266025371
5.455455455455456
0.1498503785420636
5.505505505505506
0.1466429843239389
5.555555555555556
0.14351899374431756
5.605605605605606
0.1404768025455598
5.655655655655656
0.13751476194407197
5.705705705705706
0.13463118739025304
5.755755755755756
0.13182436659354868
5.805805805805806
0.12909256690977833
5.855855855855856
0.1264340420418652
5.9059059059059065
0.12384703816657494
5.9559559559559565
0.12132979946228441
6.0060060060060065
0.11888057315326692
6.056056056056057
0.1164976140015012
6.106106106106107
0.11417918836899903
6.156156156156157
0.11192357783243705
6.206206206206207
0.10972908240284646
6.256256256256257
0.10759402335182436
6.306306306306307
0.10551674571544517
6.356356356356357
0.10349562045779089
6.406406406406407
0.10152904634799514
6.456456456456457
0.09961545155524483
6.506506506506507
0.0977532950024833
6.556556556556557
0.0959410479746472
6.606606606606607
0.09417729257634341
6.656656656656657
0.0924605273427049
6.706706706706707
0.09078936289009007
6.756756756756757
0.08916242473760892
6.806806806806807
0.08757837306236312
6.856856856856857
0.08603590280302606
6.906906906906907
0.084533743653277
6.956956956956957
0.08307065994676328
7.007007007007007
0.08164545045209606
7.057057057057057
0.08025694808192345
7.107107107107107
0.07890401952825445
7.157157157157157
0.07758556484068985
7.207207207207207
0.07630051693472
7.257257257257257
0.07504784106561584
7.307307307307307
0.0738265342521212
7.357357357357357
0.07263562466585356
7.407407407407407
0.07147417099346176
7.4574574574574575
0.0703412617739814
7.507507507507508
0.06923601471121266
7.557557557557558
0.06815757598039539
7.6076076076076085
0.06710511951387496
7.6576576576576585
0.06607784628688347
7.7077077077077085
0.06507498359237329
7.7577577577577586
0.0640957843207328
7.807807807807809
0.06313952623082456
7.857857857857859
0.062205511235710435
7.907907907907909
0.06129306468554593
7.957957957957959
0.06040153465797318
8.008008008008009
0.05953029126158997
8.058058058058059
0.05867872593603703
8.108108108108109
0.05784625081670248
8.158158158158159
0.05703229798193171
8.208208208208209
0.05623631888582013
8.258258258258259
0.05545778367825412
8.308308308308309
0.054696180575730266
8.358358358358359
0.05395101526691442
8.408408408408409
0.05322181030636653
8.458458458458459
0.05250810453484554
8.508508508508509
0.051809452518463306
8.558558558558559
0.051125423990038464
8.608608608608609
0.05045560332485158
8.65865865865866
0.04979958901685597
8.70870870870871
0.04915699317810659
8.75875875875876
0.048527441048405034
8.80880880880881
0.04791057052839486
8.85885885885886
0.04730603171799092
8.90890890890891
0.046713486478650736
8.95895895895896
0.04613260800173839
9.00900900900901
0.04556308039962578
9.05905905905906
0.04500459830533178
9.10910910910911
0.044456866487887374
9.15915915915916
0.043919599481275766
9.20920920920921
0.04339252122537016
9.25925925925926
0.04287535527600615
9.30930930930931
0.042367871699319395
9.35935935935936
0.04186979229613055
9.40940940940941
0.04138088474648375
9.45945945945946
0.040900915087543364
9.50950950950951
0.04042965686978057
9.55955955955956
0.03996689088254859
9.60960960960961
0.0395124048886783
9.65965965965966
0.03906599336837234
9.70970970970971
0.03862745727532184
9.75975975975976
0.038196603798047866
9.80980980980981
0.03777324613495498
9.85985985985986
0.03735720328401262
9.90990990990991
0.03694829980544438
9.95995995995996
0.036546365644339204
10.01001001001001
0.036151235937623434
10.06006006006006
0.0357627508125414
10.11011011011011
0.03538075523632556
10.16016016016016
0.035005098890786804
10.21021021021021
0.0346356354359682
10.26026026026026
0.03427222378318611
10.31031031031031
0.03391472624517881
10.36036036036036
0.03356300943856651
10.41041041041041
0.03321694392618069
10.46046046046046
0.032876403840197556
10.51051051051051
0.032541267000996084
10.56056056056056
0.03221141475584924
10.61061061061061
0.0318867317668682
10.66066066066066
0.03156710597403651
10.710710710710712
0.03125242852262636
10.760760760760762
0.03094259339929684
10.810810810810812
0.030637497734023512
10.860860860860862
0.030337041434711925
10.910910910910912
0.030041126999307798
10.960960960960962
0.029749659781108658
11.011011011011012
0.0294625476148383
11.061061061061062
0.029179700697915523
11.111111111111112
0.028901031786589756
11.161161161161163
0.028626455896897638
11.211211211211213
0.028355890188863718
11.261261261261263
0.028089254116854794
11.311311311311313
0.027826469199216816
11.361361361361363
0.02756745890302732
11.411411411411413
0.027312148756712316
11.461461461461463
0.027060466182364053
11.511511511511513
0.026812340348874964
11.561561561561563
0.026567702327422567
11.611611611611613
0.026326484856501416
11.661661661661663
0.026088622365464845
11.711711711711713
0.025854050905032976
11.761761761761763
0.025622708080242293
11.811811811811813
0.025394533067806858
11.861861861861863
0.02516946650896665
11.911911911911913
0.024947450408642134
11.961961961961963
0.024728428292313868
12.012012012012013
0.02451234494254723
12.062062062062063
0.024299146512419167
12.112112112112113
0.024088780301789892
12.162162162162163
0.023881195062987994
12.212212212212213
0.02367634054706812
12.262262262262263
0.02347416776266312
12.312312312312313
0.02327462886601414
12.362362362362363
0.02307767706831255
12.412412412412413
0.022883266579558654
12.462462462462463
0.022691352869006937
12.512512512512513
0.02250189219864495
12.562562562562563
0.022314841938253477
12.612612612612613
0.02213016019291961
12.662662662662663
0.02194780637413183
12.712712712712714
0.021767740489005868
12.762762762762764
0.021589923533306087
12.812812812812814
0.02141431727462766
12.862862862862864
0.02124088444435083
12.912912912912914
0.021069588499356813
12.962962962962964
0.02090039368197607
13.013013013013014
0.020733265046562633
13.063063063063064
0.020568163727972
13.113113113113114
0.02040506497368143
13.163163163163164
0.020243937065729207
13.213213213213214
0.02008473776695818
13.263263263263264
0.019927440515880225
13.313313313313314
0.019772014444238355
13.363363363363364
0.019618429476373538
13.413413413413414
0.01946665606789044
13.463463463463464
0.019316665265933557
13.513513513513514
0.01916842873538303
13.563563563563564
0.019021918679104362
13.613613613613614
0.01887710791376909
13.663663663663664
0.018733969798566664
13.713713713713714
0.01859247817826795
13.763763763763764
0.018452607443890587
13.813813813813814
0.01831433250113771
13.863863863863864
0.018177628705847968
13.913913913913914
0.01804247196826534
13.963963963963964
0.017908838645349298
14.014014014014014
0.01777670552352709
14.064064064064064
0.017646049856337925
14.114114114114114
0.01751684934568493
14.164164164164164
0.01738908207260503
14.214214214214214
0.017262726615968848
14.264264264264265
0.017137761929533965
14.314314314314315
0.017014167336986505
14.364364364364365
0.016891922577043014
14.414414414414415
0.016771007776462676
14.464464464464465
0.016651403364918462
14.514514514514515
0.016533090253653022
14.564564564564565
0.016416049637376605
14.614614614614615
0.01630026305569014
14.664664664664665
0.01618571240359577
14.714714714714715
0.016072379878371363
14.764764764764765
0.01596024804683525
14.814814814814815
0.01584929978384566
14.864864864864865
0.015739518242955764
14.914914914914915
0.01563088690553239
14.964964964964967
0.015523389519258891
15.015015015015017
0.015417010168916126
15.065065065065067
0.01531173320447565
15.115115115115117
0.015207543238642676
15.165165165165167
0.015104425146072813
15.215215215215217
0.015002364106179288
15.265265265265267
0.014901345538796667
15.315315315315317
0.01480135505670514
15.365365365365367
0.014702378572206042
15.415415415415417
0.014604402393701576
15.465465465465467
0.01450741283397929
15.515515515515517
0.014411396526493201
15.565565565565567
0.0143163404295963
15.615615615615617
0.014222231494033658
15.665665665665667
0.014129057126570334
15.715715715715717
0.014036804784808551
15.765765765765767
0.013945462252722293
15.815815815815817
0.013855017472250512
15.865865865865867
0.013765458512034943
15.915915915915917
0.01367677382523153
15.965965965965967
0.013588951831577779
16.016016016016017
0.013501981277100884
16.066066066066067
0.013415851160745547
16.116116116116117
0.013330550508361011
16.166166166166168
0.013246068556192474
16.216216216216218
0.01316239475033106
16.266266266266268
0.013079518805579466
16.316316316316318
0.012997430436613952
16.366366366366368
0.01291611957817505
16.416416416416418
0.012835576315259669
16.466466466466468
0.012755791012329022
16.516516516516518
0.012676754061093873
16.566566566566568
0.012598456017490102
16.616616616616618
0.012520887594034214
16.666666666666668
0.012444039655294751
16.716716716716718
0.012367903284886779
16.766766766766768
0.01229246960990091
16.816816816816818
0.012217729914642712
16.866866866866868
0.012143675630481021
16.916916916916918
0.012070298305398025
16.966966966966968
0.011997589702965902
17.017017017017018
0.011925541608326713
17.067067067067068
0.011854145942610275
17.117117117117118
0.011783394783559902
17.167167167167168
0.01171328040463864
17.217217217217218
0.01164379506239204
17.26726726726727
0.01157493117820465
17.31731731731732
0.011506681323962188
17.36736736736737
0.011439038117360866
17.41741741741742
0.01137199439354529
17.46746746746747
0.011305542950299324
17.51751751751752
0.011239676811636562
17.56756756756757
0.01117438909264378
17.61761761761762
0.011109672958600063
17.66766766766767
0.011045521685673113
17.71771771771772
0.01098192869051022
17.76776776776777
0.010918887446234959
17.81781781781782
0.010856391547848428
17.86786786786787
0.010794434640974038
17.91791791791792
0.010733010520077406
17.96796796796797
0.010672113062570003
18.01801801801802
0.010611736203539193
18.06806806806807
0.010551873956755966
18.11811811811812
0.01049252048071978
18.16816816816817
0.010433669953604521
18.21821821821822
0.010375316667853992
18.26826826826827
0.010317455015352785
18.31831831831832
0.0102600794214096
18.36836836836837
0.010203184443621382
18.41841841841842
0.01014676465456854
18.46846846846847
0.010090812567482265
18.51851851851852
0.010035327205081372
18.56856856856857
0.00998030132356956
18.61861861861862
0.009925732450927871
18.66866866866867
0.00987161043210626
18.71871871871872
0.009817932830328654
18.76876876876877
0.009764694753302668
18.81881881881882
0.009711891383481597
18.86886886886887
0.009659517948397816
18.91891891891892
0.009607569768452489
18.96896896896897
0.009556042214134204
19.01901901901902
0.009504930756558207
19.06906906906907
0.009454230875034306
19.11911911911912
0.009403938135900061
19.16916916916917
0.009354048144170048
19.21921921921922
0.009304556587907757
19.26926926926927
0.009255459240402534
19.31931931931932
0.009206751844947009
19.36936936936937
0.009158430312781046
19.41941941941942
0.009110490526229198
19.46946946946947
0.009062928446810834
19.51951951951952
0.009015740093317796
19.56956956956957
0.00896892152945855
19.61961961961962
0.008922468873897912
19.66966966966967
0.008876378285550454
19.71971971971972
0.008830646048068429
19.76976976976977
0.00878526839385708
19.81981981981982
0.008740241644114233
19.86986986986987
0.00869556216882154
19.91991991991992
0.008651226384955867
19.96996996996997
0.0086072307471999
20.02002002002002
0.008563571768904528
20.07007007007007
0.008520245980004988
20.12012012012012
0.008477250041523056
20.17017017017017
0.008434580554271048
20.22022022022022
0.008392234204128886
20.27027027027027
0.008350207717351682
20.32032032032032
0.008308497863616288
20.37037037037037
0.008267101432087198
20.42042042042042
0.008226015306190352
20.47047047047047
0.008185236328857738
20.52052052052052
0.00814476149087904
20.57057057057057
0.008104587725408252
20.62062062062062
0.008064712038955703
20.67067067067067
0.008025131465447576
20.72072072072072
0.00798584309012863
20.77077077077077
0.007946844035307545
20.82082082082082
0.007908131434625515
20.87087087087087
0.00786970249000651
20.92092092092092
0.007831554394376643
20.97097097097097
0.007793684446514384
21.02102102102102
0.007756089917715598
21.07107107107107
0.007718768120317959
21.12112112112112
0.007681716414822981
21.17117117117117
0.007644932184690262
21.22122122122122
0.007608412850230024
21.27127127127127
0.0075721558504424
21.32132132132132
0.00753615868871198
21.371371371371374
0.007500418827333294
21.421421421421424
0.007464933869663992
21.471471471471475
0.0074297013606240605
21.521521521521525
0.007394718895885788
21.571571571571575
0.007359984095592823
21.621621621621625
0.007325494623538511
21.671671671671675
0.007291248167659182
21.721721721721725
0.0072572424256804
21.771771771771775
0.007223475131025332
21.821821821821825
0.0071899440894948865
21.871871871871875
0.007156647045074267
21.921921921921925
0.007123581841051139
21.971971971971975
0.007090746316266935
22.022022022022025
0.007058069431078594
22.072072072072075
0.007025686945687595
22.122122122122125
0.006993596585474603
22.172172172172175
0.006961658658768956
22.222222222222225
0.006929940013918283
22.272272272272275
0.0068984386127768724
22.322322322322325
0.006867152471993463
22.372372372372375
0.0068360796222168285
22.422422422422425
0.006805218120570894
22.472472472472475
0.006774566041334186
22.522522522522525
0.006744121497796714
22.572572572572575
0.006713882579514472
22.622622622622625
0.00668384747157936
22.672672672672675
0.006654014329657763
22.722722722722725
0.006624381329784731
22.772772772772775
0.0065949466759828
22.822822822822825
0.0065657086007546986
22.872872872872875
0.006536665336778852
22.922922922922925
0.006507815170743124
22.972972972972975
0.006479156377405077
23.023023023023026
0.006450687247921723
23.073073073073076
0.006422406113174679
23.123123123123126
0.00639431133198
23.173173173173176
0.006366401245282205
23.223223223223226
0.006338674236675319
23.273273273273276
0.006311128697210036
23.323323323323326
0.0062837630484291595
23.373373373373376
0.006256575709932324
23.423423423423426
0.006229565138554488
23.473473473473476
0.006202729802389291
23.523523523523526
0.00617606815268726
23.573573573573576
0.006149578722735715
23.623623623623626
0.0061232600218081665
23.673673673673676
0.006097110567881032
23.723723723723726
0.006071128914537448
23.773773773773776
0.006045313611649163
23.823823823823826
0.006019663254233438
23.873873873873876
0.00599417642644017
23.923923923923926
0.005968851734333541
23.973973973973976
0.005943687797912755
24.024024024024026
0.005918683255437773
24.074074074074076
0.00589383675203919
24.124124124124126
0.00586914696773171
24.174174174174176
0.005844612582520642
24.224224224224226
0.005820232281999689
24.274274274274276
0.005796004770156755
24.324324324324326
0.005771928777066579
24.374374374374376
0.005748003020943879
24.424424424424426
0.005724226273812122
24.474474474474476
0.005700597284695038
24.524524524524526
0.005677114826284882
24.574574574574577
0.00565377768648038
24.624624624624627
0.005630584655670594
24.674674674674677
0.0056075345532859144
24.724724724724727
0.005584626202867777
24.774774774774777
0.005561858433174292
24.824824824824827
0.005539230111122062
24.874874874874877
0.0055167400834880516
24.924924924924927
0.005494387221778994
24.974974974974977
0.005472170408948902
25.025025025025027
0.00545008853922105
25.075075075075077
0.005428140518347577
25.125125125125127
0.0054063252585403775
25.175175175175177
0.005384641696799787
25.225225225225227
0.0053630887556480955
25.275275275275277
0.0053416653965308
25.325325325325327
0.005320370579502572
25.375375375375377
0.005299203282077137
25.425425425425427
0.005278162473490626
25.475475475475477
0.005257247145853822
25.525525525525527
0.005236456300295243
25.575575575575577
0.005215788947683178
25.625625625625627
0.005195244103606184
25.675675675675677
0.005174820808902252
25.725725725725727
0.005154518098766359
25.775775775775777
0.005134335008095392
25.825825825825827
0.005114270624532502
25.875875875875877
0.005094324004704865
25.925925925925927
0.005074494208338937
25.975975975975977
0.0050547803390855505
26.026026026026027
0.005035180476913124
26.076076076076077
0.005015695707966548
26.126126126126128
0.004996324173947638
26.176176176176178
0.004977064996648329
26.226226226226228
0.0049579173011266514
26.276276276276278
0.004938880236111466
26.326326326326328
0.0049199529291887745
26.376376376376378
0.004901134564300349
26.426426426426428
0.004882425703814503
26.476476476476478
0.00486382274218765
26.526526526526528
0.004845326224617907
26.576576576576578
0.004826935321798287
26.626626626626628
0.00480864924459791
26.676676676676678
0.004790467200096065
26.726726726726728
0.004772388389084288
26.776776776776778
0.004754412030252442
26.826826826826828
0.0047365373436866805
26.876876876876878
0.004718763572198105
26.926926926926928
0.004701089936569563
26.976976976976978
0.004683515715499424
27.027027027027028
0.004666040140292271
27.077077077077078
0.00464866247614214
27.127127127127128
0.004631381991468994
27.177177177177178
0.004614197954092258
27.227227227227228
0.004597109655426539
27.27727727727728
0.004580116375746343
27.32732732732733
0.0045632174186241966
27.37737737737738
0.004546412079323286
27.42742742742743
0.004529699666413037
27.47747747747748
0.004513079488919126
27.52752752752753
0.004496550877405496
27.57757757757758
0.00448011314036496
27.62762762762763
0.00446376563813681
27.67767767767768
0.004447507696003985
27.72772772772773
0.0044313386598646256
27.77777777777778
0.004415257873900352
27.82782782782783
0.004399264705417122
27.87787787787788
0.004383358509795823
27.92792792792793
0.0043675386629575584
27.97797797797798
0.0043518045347249144
28.02802802802803
0.0043361555056517466
28.07807807807808
0.004320590961449524
28.12812812812813
0.004305110289242247
28.17817817817818
0.004289712894863837
28.22822822822823
0.00427439816338472
28.27827827827828
0.004259165530547899
28.32832832832833
0.0042440143842924025
28.37837837837838
0.004228944154328291
28.42842842842843
0.0042139542662651625
28.47847847847848
0.004199044142894852
28.52852852852853
0.0041842132185436354
28.57857857857858
0.004169460931663942
28.62862862862863
0.004154786726464462
28.67867867867868
0.004140190051610079
28.72872872872873
0.0041256703562764325
28.77877877877878
0.004111227100746094
28.82882882882883
0.004096859752131247
28.87887887887888
0.00408256777796211
28.92892892892893
0.004068350636475082
28.97897897897898
0.004054207828469882
29.02902902902903
0.004040138821225179
29.07907907907908
0.0040261431048286105
29.12912912912913
0.004012220166459058
29.17917917917918
0.003998369503485312
29.22922922922923
0.003984590614377875
29.27927927927928
0.0039708830031944834
29.32932932932933
0.003957246175908866
29.37937937937938
0.003943679647927424
29.42942942942943
0.003930182930611823
29.47947947947948
0.003916755550058223
29.52952952952953
0.0039033970305920713
29.57957957957958
0.003890106888583869
29.62962962962963
0.0038768846797164265
29.67967967967968
0.003863729930281589
29.72972972972973
0.00385064217412488
29.77977977977978
0.0038376209632787306
29.82982982982983
0.003824665846769965
29.87987987987988
0.0038117763744324627
29.929929929929934
0.0037989521030635295
29.979979979979984
0.003786192592834009
30.030030030030034
0.003773497402782031
30.080080080080084
0.003760866103740926
30.130130130130134
0.0037482982692395427
30.180180180180184
0.0037357934648634353
30.230230230230234
0.0037233512847802443
30.280280280280284
0.00371097130162976
30.330330330330334
0.0036986531008456306
30.380380380380384
0.0036863962718149653
30.430430430430434
0.0036742004004940913
30.480480480480484
0.0036620650911751334
30.530530530530534
0.00364998993698322
30.580580580580584
0.0036379745441224615
30.630630630630634
0.003626018513106654
30.680680680680684
0.0036141214579449893
30.730730730730734
0.003602282980905588
30.780780780780784
0.0035905027116816405
30.830830830830834
0.003578780261601234
30.880880880880884
0.003567115254666243
30.930930930930934
0.003555507301437259
30.980980980980984
0.003543956044258588
31.031031031031034
0.0035324611115580716
31.081081081081084
0.003521022136835441
31.131131131131134
0.0035096042965941363
31.181181181181184
0.003498276162789451
31.231231231231234
0.003487002910632775
31.281281281281284
0.003475784180162057
31.331331331331334
0.003464653983992288
31.381381381381384
0.0034535432170624946
31.431431431431434
0.003442485926942459
31.481481481481485
0.0034314817553394877
31.531531531531535
0.0034205303816669166
31.581581581581585
0.003409631458130972
31.631631631631635
0.0033987846521546733
31.681681681681685
0.003387989631260292
31.731731731731735
0.0033772460651938646
31.781781781781785
0.0033665536250518597
31.831831831831835
0.003355911987865068
31.881881881881885
0.0033453208323110314
31.931931931931935
0.0033347798353667237
31.981981981981985
0.003324288685570173
32.032032032032035
0.0033138470662381694
32.08208208208208
0.003303454659346618
32.132132132132135
0.003293111165207232
32.18218218218218
0.0032828162657619364
32.232232232232235
0.003272569671164529
32.28228228228228
0.0032623710703123714
32.332332332332335
0.003252220163844637
32.38238238238238
0.0032421166527390596
32.432432432432435
0.003232060245127796
32.48248248248248
0.0032220506464554722
32.532532532532535
0.0032120875620283273
32.58258258258258
0.0032021707118389197
32.632632632632635
0.0031922998054799015
32.68268268268268
0.003182474559268879
32.732732732732735
0.003172694691591034
32.78278278278278
0.0031629599247708384
32.832832832832835
0.0031532699678506436
32.88288288288288
0.0031436245652007103
32.932932932932935
0.0031340234276518524
32.98298298298298
0.00312446630004761
33.033033033033036
0.0031149529047874735
33.08308308308308
0.003105482975144658
33.133133133133136
0.0030960562462827843
33.18318318318318
0.003086672455369214
33.233233233233236
0.0030773313415536326
33.28328328328328
0.003068032645929403
33.333333333333336
0.003058776109564446
33.38338338338338
0.0030495614820382553
33.433433433433436
0.003040388501639481
33.48348348348348
0.0030312569297952694
33.533533533533536
0.0030221665114542797
33.58358358358358
0.003013116993859327
33.633633633633636
0.00300410813966687
33.68368368368368
0.0029951396984329035
33.733733733733736
0.002986211436359058
33.78378378378378
0.002977323107879243
33.833833833833836
0.002968474475319237
33.88388388388388
0.002959665300030129
33.933933933933936
0.002950895352109242
33.98398398398398
0.002942164396199876
34.034034034034036
0.002933472194720921
34.08408408408408
0.002924818531135315
34.134134134134136
0.0029162031710857493
34.18418418418419
0.0029076258884400507
34.234234234234236
0.0028990864590402806
34.28428428428429
0.0028905846595452334
34.334334334334336
0.0028821202692554887
34.38438438438439
0.0028736930692576175
34.434434434434436
0.0028653028354791044
34.48448448448449
0.002856949360544276
34.53453453453454
0.002848632422918807
34.58458458458459
0.002840351814384843
34.63463463463464
0.002832107323246869
34.68468468468469
0.0028238987305041693
34.73473473473474
0.002815725841716747
34.78478478478479
0.0028075884427239757
34.83483483483484
0.0027994863281002834
34.88488488488489
0.0027914192937304946
34.93493493493494
0.0027833871370885185
34.98498498498499
0.0027753896570340193
35.03503503503504
0.0027674266539693734
35.08508508508509
0.002759497929661439
35.13513513513514
0.002751603287644326
35.18518518518519
0.0027437425320073496
35.23523523523524
0.0027359154692323407
35.28528528528529
0.0027281219075704238
35.33533533533534
0.002720361646180388
35.38538538538539
0.0027126345103840326
35.43543543543544
0.0027049402950649554
35.48548548548549
0.002697278834149811
35.53553553553554
0.002689649930038858
35.58558558558559
0.0026820533985767955
35.63563563563564
0.0026744890566673964
35.68568568568569
0.0026669567224468886
35.73573573573574
0.0026594562153306246
35.78578578578579
0.0026519873559417246
35.83583583583584
0.0026445499662392092
35.88588588588589
0.00263714386936117
35.93593593593594
0.0026297688897948075
35.98598598598599
0.0026224248531120293
36.03603603603604
0.002615111586564588
36.08608608608609
0.002607828917655515
36.13613613613614
0.0026005766734981395
36.18618618618619
0.002593354690099434
36.23623623623624
0.002586162798773107
36.28628628628629
0.0025790008118478608
36.33633633633634
0.0025718685949540367
36.38638638638639
0.0025647659671265413
36.43643643643644
0.002557692769441604
36.48648648648649
0.0025506488362817843
36.53653653653654
0.0025436340063438273
36.58658658658659
0.0025366476830151474
36.63663663663664
0.002529690563119416
36.68668668668669
0.002522762068693411
36.73673673673674
0.0025158620426659816
36.78678678678679
0.0025089903290608224
36.83683683683684
0.002502146772925246
36.88688688688689
0.0024953312207408296
36.93693693693694
0.002488543519167533
36.98698698698699
0.002481783516690058
37.03703703703704
0.0024750510601481623
37.08708708708709
0.002468346005067454
37.13713713713714
0.0024616682007825123
37.18718718718719
0.0024550174868167227
37.23723723723724
0.002448393739057162
37.28728728728729
0.0024417967984738096
37.33733733733734
0.0024352265267413888
37.38738738738739
0.0024286827758452584
37.43743743743744
0.002422165403417641
37.48748748748749
0.0024156742677286947
37.53753753753754
0.002409209996908846
37.58758758758759
0.002402770931731871
37.63763763763764
0.0023963576837629933
37.68768768768769
0.0023899701149820724
37.73773773773774
0.0023836080884937793
37.78778778778779
0.002377271467772098
37.83783783783784
0.0023709601175270815
37.88788788788789
0.002364673903608428
37.93793793793794
0.00235841268997255
37.98798798798799
0.002352176349313514
38.03803803803804
0.0023459647476890473
38.08808808808809
0.0023397777425357203
38.13813813813814
0.0023336152249592247
38.18818818818819
0.0023274770557636998
38.23823823823824
0.002321363105092521
38.28828828828829
0.0023152732491255475
38.33833833833834
0.0023092073590130742
38.38838838838839
0.0023031653091143754
38.43843843843844
0.002297146974696142
38.48848848848849
0.002291152231316981
38.53853853853854
0.002285180955848958
38.58858858858859
0.0022792330257969612
38.63863863863864
0.0022733083194649306
38.68868868868869
0.0022674067159744655
38.73873873873874
0.00226152809516431
38.78878878878879
0.0022556723378059354
38.83883883883884
0.002249839325413683
38.88888888888889
0.0022440289406804098
38.93893893893894
0.002238241059595879
38.98898898898899
0.002232475577310818
39.03903903903904
0.0022267323732540235
39.08908908908909
0.002221011324732658
39.13913913913914
0.002215312333726154
39.18918918918919
0.0022096352785095936
39.23923923923924
0.0022041938295159582
39.28928928928929
0.002198346526173696
39.33933933933934
0.002192734606063341
39.38938938938939
0.002187144175877309
39.43943943943944
0.00218157512600998
39.48948948948949
0.002176027347257084
39.53953953953954
0.0021705007314389447
39.58958958958959
0.0021649951709901286
39.63963963963964
0.0021595105593774718
39.68968968968969
0.0021540467863268536
39.73973973973974
0.0021486037520189252
39.78978978978979
0.00214318134744033
39.83983983983984
0.002137779472330203
39.88988988988989
0.002132398018235378
39.93993993993994
0.002127036886803363
39.98998998998999
0.0021216959735750143
40.04004004004004
0.002116375170695397
40.090090090090094
0.002111074389773139
40.14014014014014
0.0021057935239665215
40.190190190190194
0.0021005324738430555
40.24024024024024
0.002095291140252438
40.290290290290294
0.0020900694221807313
40.34034034034034
0.0020848672255070816
40.390390390390394
0.0020796844514641274
40.44044044044044
0.0020745210023566537
40.490490490490494
0.002069376784088213
40.54054054054054
0.0020642517000089744
40.590590590590594
0.0020591456553062065
40.64064064064064
0.00205405855576309
40.690690690690694
0.0020489903080578107
40.74074074074074
0.002043940816387495
40.790790790790794
0.0020389099918177328
40.84084084084084
0.0020338977326792218
40.890890890890894
0.0020289039642368886
40.94094094094094
0.0020239285865119427
40.990990990990994
0.0020189715099794762
41.04104104104104
0.002014032639781802
41.091091091091094
0.002009111897085683
41.14114114114114
0.002004209186616227
41.191191191191194
0.0019993244223949986
41.24124124124124
0.001994457515627608
41.291291291291294
0.0019896083801298346
41.34134134134134
0.001984776927463742
41.391391391391394
0.0019799630739344943
41.44144144144144
0.001975166732988192
41.491491491491495
0.001970387819387983
41.54154154154154
0.001965626249657008
41.591591591591595
0.0019608819393879275
41.64164164164164
0.0019561548134654915
41.691691691691695
0.0019514447706917995
41.74174174174174
0.0019467517384305839
41.791791791791795
0.0019420756357647689
41.84184184184184
0.001937416381532476
41.891891891891895
0.0019327738890897593
41.94194194194194
0.0019281480871914485
41.991991991991995
0.0019235388913154895
42.04204204204204
0.0019189462222217214
42.092092092092095
0.0019143700009605017
42.14214214214214
0.0019098101462618217
42.192192192192195
0.0019052665841528653
42.24224224224224
0.0019007392353434713
42.292292292292295
0.0018962280220386069
42.34234234234234
0.001891732869094029
42.392392392392395
0.0018872536993778273
42.44244244244244
0.0018827904371092356
42.492492492492495
0.0018783429957175118
42.54254254254254
0.0018739113214609315
42.592592592592595
0.001869495331486207
42.64264264264264
0.0018650949507064388
42.692692692692695
0.001860710099521258
42.74274274274275
0.001856340715739494
42.792792792792795
0.0018519867215903024
42.84284284284285
0.0018476480435971174
42.892892892892895
0.0018433246121800095
42.94294294294295
0.0018390163543028967
42.992992992992995
0.001834723199871147
43.04304304304305
0.0018304450775114124
43.093093093093096
0.0018261819173367687
43.14314314314315
0.0018219336486423353
43.193193193193196
0.001817700203996605
43.24324324324325
0.001813481513525896
43.293293293293296
0.0018092775087738893
43.34334334334335
0.0018050881194297843
43.393393393393396
0.0018009132791292851
43.44344344344345
0.001796752923329353
43.493493493493496
0.0017926069828050715
43.54354354354355
0.0017884753900404497
43.593593593593596
0.0017843580803456255
43.64364364364365
0.0017802549877822583
43.693693693693696
0.001776166046520366
43.74374374374375
0.001772091191206871
43.793793793793796
0.001768030355767384
43.84384384384385
0.0017639834788214664
43.893893893893896
0.0017599332693846509
43.94394394394395
0.001755914122524912
43.993993993993996
0.0017519087418340381
44.04404404404405
0.0017479170653586559
44.094094094094096
0.0017439390304173322
44.14414414414415
0.0017399745756654216
44.194194194194196
0.0017360236337395447
44.24424424424425
0.0017320861506826696
44.294294294294296
0.0017281620629325284
44.34434434434435
0.0017242513082535336
44.394394394394396
0.001720371085557524
44.44444444444445
0.0017164868082855387
44.4944944944945
0.0017126156858638009
44.54454454454455
0.0017087575354251237
44.5945945945946
0.001704912572896255
44.64464464464465
0.0017010805553189128
44.6946946946947
0.001697261456565875
44.74474474474475
0.001693455217622764
44.7947947947948
0.0016896617791331125
44.84484484484485
0.0016858810873380142
44.8948948948949
0.0016821130833245502
44.94494494494495
0.0016783577103660556
44.994994994995
0.0016746149121203919
45.04504504504505
0.0016708846328715927
45.0950950950951
0.0016671668119497404
45.14514514514515
0.0016634614013624175
45.1951951951952
0.0016597683426092288
45.24524524524525
0.001656087579675932
45.2952952952953
0.0016524190584219119
45.34534534534535
0.0016487627273850199
45.3953953953954
0.0016451185303920908
45.44544544544545
0.0016414864137900748
45.4954954954955
0.001637866324203799
45.54554554554555
0.001634258208552477
45.5955955955956
0.001630662014033181
45.64564564564565
0.0016270776881436102
45.6956956956957
0.001623505177724536
45.74574574574575
0.0016199444329240184
45.7957957957958
0.0016163954008213133
45.84584584584585
0.0016128580301849212
45.8958958958959
0.0016093322673785236
45.94594594594595
0.0016058180668882503
45.995995995996
0.0016023153755559065
46.04604604604605
0.0015988241434547333
46.0960960960961
0.0015953443173641838
46.14614614614615
0.0015918758524795904
46.1961961961962
0.0015884186972377368
46.24624624624625
0.0015849728011097313
46.2962962962963
0.0015815381184945592
46.34634634634635
0.0015781145986617673
46.3963963963964
0.0015747021922929805
46.44644644644645
0.0015713008535084808
46.4964964964965
0.0015679105333755944
46.54654654654655
0.0015645311843174492
46.5965965965966
0.0015611627560525438
46.64664664664665
0.0015578052075072507
46.6966966966967
0.0015544584888217963
46.74674674674675
0.0015511225534305096
46.7967967967968
0.00154779735501711
46.84684684684685
0.0015444828475147956
46.8968968968969
0.0015411789852839027
46.94694694694695
0.0015378857224007064
46.996996996997
0.001534603013740365
47.04704704704705
0.0015313308141644527
47.0970970970971
0.0015280690789618643
47.14714714714715
0.0015248177636645497
47.1971971971972
0.001521576824785704
47.24724724724725
0.001518346210494469
47.2972972972973
0.0015151258882025588
47.34734734734735
0.0015119158094374346
47.3973973973974
0.0015087159296130754
47.44744744744745
0.0015055262048884485
47.4974974974975
0.00150234659725415
47.54754754754755
0.0014991770607255225
47.5975975975976
0.001496017552777918
47.64764764764765
0.0014928680311351115
47.6976976976977
0.0014897284537246178
47.74774774774775
0.0014865987786943887
47.7977977977978
0.0014834789644099736
47.84784784784785
0.0014803689694617085
47.8978978978979
0.0014772687526396601
47.94794794794795
0.0014741782729838467
47.997997997998
0.0014710974896970275
48.04804804804805
0.0014680263622401676
48.0980980980981
0.0014649648502741337
48.14814814814815
0.0014619129138701403
48.1981981981982
0.0014588705114290162
48.24824824824825
0.0014558376060742825
48.2982982982983
0.0014528141570228602
48.34834834834835
0.0014498001251448452
48.3983983983984
0.0014467954687170136
48.44844844844845
0.0014438001495660818
48.4984984984985
0.0014408141340953833
48.54854854854855
0.001437837380304605
48.5985985985986
0.0014348698487623467
48.64864864864865
0.0014319115039813596
48.6986986986987
0.0014289623064867537
48.74874874874875
0.0014260222186297607
48.7987987987988
0.0014230912029232108
48.84884884884885
0.001420169222088848
48.8988988988989
0.0014172562389612902
48.94894894894895
0.001414352216630514
48.998998998999
0.0014114571183528337
49.04904904904905
0.001408570907572512
49.0990990990991
0.001405693547923738
49.14914914914915
0.0014028250032168757
49.1991991991992
0.0013999652374561801
49.24924924924925
0.001397114214827655
49.2992992992993
0.0013942718984322421
49.34934934934935
0.001391438255391519
49.3993993993994
0.0013886132492559582
49.44944944944945
0.0013857968447468878
49.4994994994995
0.001382989003470858
49.54954954954955
0.00138018969792595
49.5995995995996
0.0013773988900382082
49.64964964964965
0.0013746165457926903
49.6996996996997
0.0013718426269401396
49.74974974974975
0.0013690771053880418
49.7997997997998
0.0013663199447918471
49.84984984984985
0.001363571110100758
49.8998998998999
0.0013608305709000722
49.94994994994995
0.001358098291884815
50.0
0.0013553742399743422
