         5       363       111       267

EOS                                                                            

  i            rad           emas         rho         pres          nb           kf(e)      kf(mu)       kf(p)       kf(n)      kf(la)      kf(S-)      kf(S0)      kf(S+)         Tc(n)       Tc(p)      Tc(la)    Durca  nSF   Acel   Aion   Zion        mstn        mstp

    0   0.000000E+00   0.000000E+00   9.925E+14   1.455E+35   5.448E-01      1.031E+00   8.796E-01   1.211E+00   2.430E+00   0.000E+00   0.000E+00   0.000E+00   0.000E+00      9.901E+09   1.000E+00   1.000E+00   00000  3p2   N/A    N/A    N/A    5.617020E-01   3.717762E-01
    1   2.197298E+03   2.194235E-02   9.656E+14   1.342E+35   5.319E-01      1.018E+00   8.648E-01   1.194E+00   2.413E+00   0.000E+00   0.000E+00   0.000E+00   0.000E+00      9.846E+09   1.000E+00   1.000E+00   00000  3p2   N/A    N/A    N/A    5.670720E-01   3.755524E-01
    2   2.768422E+03   4.376759E-02   9.496E+14   1.277E+35   5.243E-01      1.010E+00   8.559E-01   1.184E+00   2.402E+00   0.000E+00   0.000E+00   0.000E+00   0.000E+00      9.807E+09   1.000E+00   1.000E+00   00000  3p2   N/A    N/A    N/A    5.703570E-01   3.778872E-01
    3   3.169052E+03   6.513267E-02   9.362E+14   1.224E+35   5.178E-01      1.004E+00   8.482E-01   1.175E+00   2.393E+00   0.000E+00   0.000E+00   0.000E+00   0.000E+00      9.771E+09   1.000E+00   1.000E+00   00000  3p2   N/A    N/A    N/A    5.731639E-01   3.798922E-01
    4   3.487993E+03   8.598774E-02   9.242E+14   1.178E+35   5.120E-01      9.982E-01   8.413E-01   1.167E+00   2.385E+00   0.000E+00   0.000E+00   0.000E+00   0.000E+00      9.735E+09   1.000E+00   1.000E+00   00000  3p2   N/A    N/A    N/A    5.757086E-01   3.817198E-01
    5   3.757327E+03   1.064078E-01   9.133E+14   1.136E+35   5.067E-01      9.928E-01   8.349E-01   1.160E+00   2.378E+00   0.000E+00   0.000E+00   0.000E+00   0.000E+00      9.699E+09   1.000E+00   1.000E+00   00000  3p2   N/A    N/A    N/A    5.780887E-01   3.834385E-01
    6   3.992755E+03   1.270409E-01   9.029E+14   1.098E+35   5.016E-01      9.876E-01   8.287E-01   1.153E+00   2.370E+00   0.000E+00   0.000E+00   0.000E+00   0.000E+00      9.663E+09   1.000E+00   1.000E+00   00000  3p2   N/A    N/A    N/A    5.803807E-01   3.850989E-01
    7   4.203280E+03   1.475131E-01   8.930E+14   1.062E+35   4.967E-01      9.826E-01   8.227E-01   1.146E+00   2.363E+00   0.000E+00   0.000E+00   0.000E+00   0.000E+00      9.627E+09   1.000E+00   1.000E+00   00000  3p2   N/A    N/A    N/A    5.825934E-01   3.867132E-01
    8   4.394596E+03   1.661174E-01   8.840E+14   1.030E+35   4.923E-01      9.780E-01   8.173E-01   1.140E+00   2.357E+00   0.000E+00   0.000E+00   0.000E+00   0.000E+00      9.592E+09   1.000E+00   1.000E+00   00000  3p2   N/A    N/A    N/A    5.846289E-01   3.882033E-01
    9   4.570564E+03   1.869616E-01   8.746E+14   9.976E+34   4.877E-01      9.732E-01   8.115E-01   1.133E+00   2.350E+00   0.000E+00   0.000E+00   0.000E+00   0.000E+00      9.553E+09   1.000E+00   1.000E+00   00000  3p2   N/A    N/A    N/A    5.867704E-01   3.897770E-01
   10   4.733935E+03   2.069627E-01   8.658E+14   9.675E+34   4.833E-01      9.686E-01   8.060E-01   1.127E+00   2.344E+00   0.000E+00   0.000E+00   0.000E+00   0.000E+00      9.515E+09   1.000E+00   1.000E+00   00000  3p2   N/A    N/A    N/A    5.888286E-01   3.912955E-01
   11   4.886747E+03   2.256711E-01   8.575E+14   9.394E+34   4.792E-01      9.643E-01   8.008E-01   1.121E+00   2.338E+00   0.000E+00   0.000E+00   0.000E+00   0.000E+00      9.478E+09   1.000E+00   1.000E+00   00000  3p2   N/A    N/A    N/A    5.907753E-01   3.927354E-01
   12   5.030557E+03   2.432773E-01   8.497E+14   9.129E+34   4.753E-01      9.602E-01   7.959E-01   1.116E+00   2.332E+00   0.000E+00   0.000E+00   0.000E+00   0.000E+00      9.441E+09   1.000E+00   1.000E+00   00000  3p2   N/A    N/A    N/A    5.926329E-01   3.941238E-01
   13   5.166583E+03   2.636967E-01   8.413E+14   8.863E+34   4.710E-01      9.557E-01   7.904E-01   1.110E+00   2.326E+00   0.000E+00   0.000E+00   0.000E+00   0.000E+00      9.399E+09   1.000E+00   1.000E+00   00000  3p2   N/A    N/A    N/A    5.946700E-01   3.956463E-01
   14   5.295801E+03   2.831540E-01   8.332E+14   8.611E+34   4.670E-01      9.514E-01   7.852E-01   1.104E+00   2.320E+00   0.000E+00   0.000E+00   0.000E+00   0.000E+00      9.358E+09   1.000E+00   1.000E+00   00000  3p2   N/A    N/A    N/A    5.966349E-01   3.971254E-01
   15   5.419003E+03   3.017053E-01   8.255E+14   8.370E+34   4.631E-01      9.473E-01   7.802E-01   1.098E+00   2.314E+00   0.000E+00   0.000E+00   0.000E+00   0.000E+00      9.317E+09   1.000E+00   1.000E+00   00000  3p2   N/A    N/A    N/A    5.985283E-01   3.985542E-01
   16   5.536844E+03   3.194496E-01   8.182E+14   8.139E+34   4.594E-01      9.432E-01   7.753E-01   1.093E+00   2.308E+00   0.000E+00   0.000E+00   0.000E+00   0.000E+00      9.276E+09   1.000E+00   1.000E+00   00000  3p2   N/A    N/A    N/A    6.003575E-01   3.999373E-01
   17   5.649872E+03   3.364689E-01   8.112E+14   7.918E+34   4.558E-01      9.394E-01   7.706E-01   1.088E+00   2.303E+00   0.000E+00   0.000E+00   0.000E+00   0.000E+00      9.237E+09   1.000E+00   1.000E+00   00000  3p2   N/A    N/A    N/A    6.021361E-01   4.012961E-01
   18   5.758550E+03   3.550040E-01   8.037E+14   7.701E+34   4.520E-01      9.353E-01   7.656E-01   1.082E+00   2.297E+00   0.000E+00   0.000E+00   0.000E+00   0.000E+00      9.192E+09   1.000E+00   1.000E+00   00000  3p2   N/A    N/A    N/A    6.040385E-01   4.027496E-01
   19   5.863273E+03   3.738526E-01   7.962E+14   7.489E+34   4.482E-01      9.311E-01   7.605E-01   1.076E+00   2.291E+00   0.000E+00   0.000E+00   0.000E+00   0.000E+00      9.147E+09   1.000E+00   1.000E+00   00000  3p2   N/A    N/A    N/A    6.059737E-01   4.042345E-01
   20   5.964384E+03   3.920510E-01   7.889E+14   7.285E+34   4.445E-01      9.270E-01   7.555E-01   1.071E+00   2.285E+00   0.000E+00   0.000E+00   0.000E+00   0.000E+00      9.101E+09   1.000E+00   1.000E+00   00000  3p2   N/A    N/A    N/A    6.078634E-01   4.056915E-01
   21   6.062178E+03   4.096525E-01   7.819E+14   7.087E+34   4.409E-01      9.231E-01   7.506E-01   1.065E+00   2.280E+00   0.000E+00   0.000E+00   0.000E+00   0.000E+00      9.056E+09   1.000E+00   1.000E+00   00000  3p2   N/A    N/A    N/A    6.097077E-01   4.071135E-01
   22   6.156915E+03   4.267037E-01   7.751E+14   6.896E+34   4.374E-01      9.192E-01   7.459E-01   1.060E+00   2.274E+00   0.000E+00   0.000E+00   0.000E+00   0.000E+00      9.011E+09   1.000E+00   1.000E+00   00000  3p2   N/A    N/A    N/A    6.115149E-01   4.085212E-01
   23   6.248823E+03   4.432457E-01   7.685E+14   6.710E+34   4.340E-01      9.154E-01   7.412E-01   1.055E+00   2.269E+00   0.000E+00   0.000E+00   0.000E+00   0.000E+00      8.966E+09   1.000E+00   1.000E+00   00000  3p2   N/A    N/A    N/A    6.132849E-01   4.099046E-01
   24   6.338104E+03   4.593149E-01   7.621E+14   6.529E+34   4.307E-01      9.117E-01   7.366E-01   1.050E+00   2.263E+00   0.000E+00   0.000E+00   0.000E+00   0.000E+00      8.920E+09   1.000E+00   1.000E+00   00000  3p2   N/A    N/A    N/A    6.150190E-01   4.112600E-01
   25   6.424938E+03   4.766906E-01   7.552E+14   6.354E+34   4.271E-01      9.077E-01   7.317E-01   1.045E+00   2.258E+00   0.000E+00   0.000E+00   0.000E+00   0.000E+00      8.871E+09   1.000E+00   1.000E+00   00000  3p2   N/A    N/A    N/A    6.169107E-01   4.127512E-01
   26   6.509487E+03   4.942731E-01   7.482E+14   6.182E+34   4.235E-01      9.036E-01   7.266E-01   1.039E+00   2.252E+00   0.000E+00   0.000E+00   0.000E+00   0.000E+00      8.819E+09   1.000E+00   1.000E+00   00000  3p2   N/A    N/A    N/A    6.188425E-01   4.142770E-01
   27   6.591894E+03   5.114104E-01   7.414E+14   6.015E+34   4.200E-01      8.996E-01   7.216E-01   1.033E+00   2.246E+00   0.000E+00   0.000E+00   0.000E+00   0.000E+00      8.767E+09   1.000E+00   1.000E+00   00000  3p2   N/A    N/A    N/A    6.207428E-01   4.157782E-01
   28   6.672291E+03   5.281295E-01   7.347E+14   5.852E+34   4.165E-01      8.957E-01   7.167E-01   1.028E+00   2.240E+00   0.000E+00   0.000E+00   0.000E+00   0.000E+00      8.715E+09   1.000E+00   1.000E+00   00000  3p2   N/A    N/A    N/A    6.226184E-01   4.172787E-01
   29   6.750795E+03   5.444551E-01   7.283E+14   5.693E+34   4.131E-01      8.918E-01   7.118E-01   1.023E+00   2.235E+00   0.000E+00   0.000E+00   0.000E+00   0.000E+00      8.663E+09   1.000E+00   1.000E+00   00000  3p2   N/A    N/A    N/A    6.244664E-01   4.187571E-01
   30   6.827516E+03   5.604097E-01   7.219E+14   5.537E+34   4.098E-01      8.880E-01   7.070E-01   1.018E+00   2.229E+00   0.000E+00   0.000E+00   0.000E+00   0.000E+00      8.611E+09   1.000E+00   1.000E+00   00000  3p2   N/A    N/A    N/A    6.262885E-01   4.202162E-01
   31   6.902550E+03   5.760135E-01   7.157E+14   5.385E+34   4.066E-01      8.842E-01   7.023E-01   1.012E+00   2.224E+00   0.000E+00   0.000E+00   0.000E+00   0.000E+00      8.560E+09   1.000E+00   1.000E+00   00000  3p2   N/A    N/A    N/A    6.280889E-01   4.216771E-01
   32   6.975986E+03   5.912853E-01   7.096E+14   5.236E+34   4.034E-01      8.805E-01   6.977E-01   1.007E+00   2.219E+00   0.000E+00   0.000E+00   0.000E+00   0.000E+00      8.508E+09   1.000E+00   1.000E+00   00000  3p2   N/A    N/A    N/A    6.298661E-01   4.231193E-01
   33   7.047909E+03   6.063287E-01   7.036E+14   5.091E+34   4.002E-01      8.768E-01   6.930E-01   1.002E+00   2.213E+00   0.000E+00   0.000E+00   0.000E+00   0.000E+00      8.456E+09   1.000E+00   1.000E+00   00000  3p2   N/A    N/A    N/A    6.316360E-01   4.245556E-01
   34   7.118392E+03   6.226169E-01   6.969E+14   4.952E+34   3.966E-01      8.727E-01   6.878E-01   9.967E-01   2.207E+00   0.000E+00   0.000E+00   0.000E+00   0.000E+00      8.396E+09   1.000E+00   1.000E+00   00000  3p2   N/A    N/A    N/A    6.336498E-01   4.262108E-01
   35   7.187507E+03   6.385890E-01   6.903E+14   4.816E+34   3.931E-01      8.686E-01   6.825E-01   9.910E-01   2.201E+00   0.000E+00   0.000E+00   0.000E+00   0.000E+00      8.335E+09   1.000E+00   1.000E+00   00000  3p2   N/A    N/A    N/A    6.356437E-01   4.278508E-01
   36   7.255318E+03   6.542595E-01   6.838E+14   4.683E+34   3.897E-01      8.645E-01   6.773E-01   9.854E-01   2.195E+00   0.000E+00   0.000E+00   0.000E+00   0.000E+00      8.275E+09   1.000E+00   1.000E+00   00000  3p2   N/A    N/A    N/A    6.376184E-01   4.294773E-01
   37   7.321884E+03   6.696426E-01   6.774E+14   4.552E+34   3.863E-01      8.605E-01   6.722E-01   9.799E-01   2.190E+00   0.000E+00   0.000E+00   0.000E+00   0.000E+00      8.215E+09   1.000E+00   1.000E+00   00000  3p2   N/A    N/A    N/A    6.395727E-01   4.311087E-01
   38   7.387261E+03   6.847508E-01   6.711E+14   4.424E+34   3.830E-01      8.566E-01   6.672E-01   9.745E-01   2.184E+00   0.000E+00   0.000E+00   0.000E+00   0.000E+00      8.154E+09   1.000E+00   1.000E+00   00000  3p2   N/A    N/A    N/A    6.415102E-01   4.327260E-01
   39   7.451502E+03   6.995963E-01   6.650E+14   4.297E+34   3.797E-01      8.526E-01   6.621E-01   9.691E-01   2.178E+00   0.000E+00   0.000E+00   0.000E+00   0.000E+00      8.093E+09   1.000E+00   1.000E+00   00000  3p2   N/A    N/A    N/A    6.434317E-01   4.343323E-01
   40   7.514653E+03   7.141901E-01   6.589E+14   4.173E+34   3.765E-01      8.488E-01   6.571E-01   9.638E-01   2.172E+00   0.000E+00   0.000E+00   0.000E+00   0.000E+00      8.032E+09   1.000E+00   1.000E+00   00000  3p2   N/A    N/A    N/A    6.453386E-01   4.359471E-01
   41   7.576761E+03   7.285428E-01   6.530E+14   4.051E+34   3.733E-01      8.449E-01   6.522E-01   9.585E-01   2.167E+00   0.000E+00   0.000E+00   0.000E+00   0.000E+00      7.972E+09   1.000E+00   1.000E+00   00000  3p2   N/A    N/A    N/A    6.472312E-01   4.375498E-01
   42   7.637866E+03   7.426638E-01   6.471E+14   3.931E+34   3.701E-01      8.411E-01   6.472E-01   9.533E-01   2.161E+00   0.000E+00   0.000E+00   0.000E+00   0.000E+00      7.910E+09   1.000E+00   1.000E+00   00000  3p2   N/A    N/A    N/A    6.491102E-01   4.391409E-01
   43   7.698009E+03   7.565625E-01   6.414E+14   3.813E+34   3.670E-01      8.374E-01   6.424E-01   9.481E-01   2.156E+00   0.000E+00   0.000E+00   0.000E+00   0.000E+00      7.849E+09   1.000E+00   1.000E+00   00000  3p2   N/A    N/A    N/A    6.509731E-01   4.407420E-01
   44   7.757228E+03   7.710470E-01   6.348E+14   3.704E+34   3.635E-01      8.331E-01   6.368E-01   9.422E-01   2.149E+00   0.000E+00   0.000E+00   0.000E+00   0.000E+00      7.779E+09   1.000E+00   1.000E+00   00000  3p2   N/A    N/A    N/A    6.531097E-01   4.425794E-01
   45   7.815554E+03   7.853932E-01   6.283E+14   3.596E+34   3.600E-01      8.288E-01   6.311E-01   9.362E-01   2.143E+00   0.000E+00   0.000E+00   0.000E+00   0.000E+00      7.707E+09   1.000E+00   1.000E+00   00000  3p2   N/A    N/A    N/A    6.552646E-01   4.444327E-01
   46   7.873024E+03   7.995285E-01   6.218E+14   3.491E+34   3.565E-01      8.245E-01   6.255E-01   9.304E-01   2.136E+00   0.000E+00   0.000E+00   0.000E+00   0.000E+00      7.635E+09   1.000E+00   1.000E+00   00000  3p2   N/A    N/A    N/A    6.574037E-01   4.463027E-01
   47   7.929666E+03   8.134605E-01   6.155E+14   3.387E+34   3.531E-01      8.203E-01   6.199E-01   9.245E-01   2.130E+00   0.000E+00   0.000E+00   0.000E+00   0.000E+00      7.563E+09   1.000E+00   1.000E+00   00000  3p2   N/A    N/A    N/A    6.595337E-01   4.481648E-01
   48   7.985511E+03   8.271961E-01   6.092E+14   3.284E+34   3.497E-01      8.161E-01   6.143E-01   9.187E-01   2.124E+00   0.000E+00   0.000E+00   0.000E+00   0.000E+00      7.490E+09   1.000E+00   1.000E+00   00000  3p2   N/A    N/A    N/A    6.616546E-01   4.500223E-01
   49   8.040585E+03   8.407423E-01   6.031E+14   3.183E+34   3.464E-01      8.120E-01   6.088E-01   9.130E-01   2.117E+00   0.000E+00   0.000E+00   0.000E+00   0.000E+00      7.418E+09   1.000E+00   1.000E+00   00000  3p2   N/A    N/A    N/A    6.637599E-01   4.518981E-01
   50   8.094915E+03   8.541054E-01   5.970E+14   3.083E+34   3.430E-01      8.078E-01   6.033E-01   9.073E-01   2.111E+00   0.000E+00   0.000E+00   0.000E+00   0.000E+00      7.346E+09   1.000E+00   1.000E+00   00000  3p2   N/A    N/A    N/A    6.658580E-01   4.537675E-01
   51   8.148525E+03   8.672916E-01   5.910E+14   2.985E+34   3.397E-01      8.037E-01   5.978E-01   9.016E-01   2.105E+00   0.000E+00   0.000E+00   0.000E+00   0.000E+00      7.272E+09   1.000E+00   1.000E+00   00000  3p2   N/A    N/A    N/A    6.679484E-01   4.556330E-01
   52   8.201439E+03   8.803064E-01   5.851E+14   2.888E+34   3.365E-01      7.997E-01   5.924E-01   8.960E-01   2.099E+00   0.000E+00   0.000E+00   0.000E+00   0.000E+00      7.200E+09   1.000E+00   1.000E+00   00000  3p2   N/A    N/A    N/A    6.700215E-01   4.575168E-01
   53   8.253679E+03   8.931554E-01   5.792E+14   2.792E+34   3.333E-01      7.957E-01   5.870E-01   8.904E-01   2.093E+00   0.000E+00   0.000E+00   0.000E+00   0.000E+00      7.127E+09   1.000E+00   1.000E+00   00000  3p2   N/A    N/A    N/A    6.720890E-01   4.593954E-01
   54   8.305266E+03   9.058439E-01   5.734E+14   2.697E+34   3.301E-01      7.917E-01   5.815E-01   8.848E-01   2.086E+00   0.000E+00   0.000E+00   0.000E+00   0.000E+00      7.053E+09   1.000E+00   1.000E+00   00000  3p2   N/A    N/A    N/A    6.741512E-01   4.612693E-01
   55   8.356220E+03   9.183089E-01   5.659E+14   2.613E+34   3.260E-01      7.865E-01   5.744E-01   8.776E-01   2.078E+00   0.000E+00   0.000E+00   0.000E+00   0.000E+00      6.957E+09   1.000E+00   1.000E+00   00000  3p2   N/A    N/A    N/A    6.768591E-01   4.637707E-01
   56   8.406560E+03   9.306108E-01   5.581E+14   2.532E+34   3.217E-01      7.810E-01   5.669E-01   8.700E-01   2.070E+00   0.000E+00   0.000E+00   0.000E+00   0.000E+00      6.855E+09   1.000E+00   1.000E+00   00000  3p2   N/A    N/A    N/A    6.796990E-01   4.663954E-01
   57   8.456304E+03   9.427670E-01   5.504E+14   2.452E+34   3.175E-01      7.771E-01   5.616E-01   8.647E-01   2.061E+00   0.000E+00   0.000E+00   0.000E+00   0.000E+00      6.748E+09   1.000E+00   1.000E+00   00000  3p2   N/A    N/A    N/A    6.823146E-01   4.691396E-01
   58   8.505469E+03   9.547818E-01   5.427E+14   2.372E+34   3.133E-01      7.743E-01   5.577E-01   8.608E-01   2.052E+00   0.000E+00   0.000E+00   0.000E+00   0.000E+00      6.638E+09   1.000E+00   1.000E+00   00000  3p2   N/A    N/A    N/A    6.847818E-01   4.719663E-01
   59   8.554073E+03   9.666593E-01   5.352E+14   2.294E+34   3.092E-01      7.715E-01   5.538E-01   8.568E-01   2.043E+00   0.000E+00   0.000E+00   0.000E+00   0.000E+00      6.527E+09   1.000E+00   1.000E+00   00000  3p2   N/A    N/A    N/A    6.872545E-01   4.748059E-01
   60   8.602131E+03   9.784034E-01   5.277E+14   2.216E+34   3.051E-01      7.687E-01   5.498E-01   8.529E-01   2.034E+00   0.000E+00   0.000E+00   0.000E+00   0.000E+00      6.417E+09   1.000E+00   1.000E+00   00000  3p2   N/A    N/A    N/A    6.897319E-01   4.776751E-01
   61   8.649657E+03   9.900177E-01   5.204E+14   2.140E+34   3.010E-01      7.659E-01   5.458E-01   8.489E-01   2.025E+00   0.000E+00   0.000E+00   0.000E+00   0.000E+00      6.306E+09   1.000E+00   1.000E+00   00000  3p2   N/A    N/A    N/A    6.922166E-01   4.805527E-01
   62   8.696668E+03   1.001506E+00   5.131E+14   2.064E+34   2.970E-01      7.630E-01   5.418E-01   8.450E-01   2.016E+00   0.000E+00   0.000E+00   0.000E+00   0.000E+00      6.196E+09   1.000E+00   1.000E+00   00000  3p2   N/A    N/A    N/A    6.947078E-01   4.834597E-01
   63   8.743175E+03   1.012871E+00   5.059E+14   1.989E+34   2.930E-01      7.602E-01   5.378E-01   8.410E-01   2.007E+00   0.000E+00   0.000E+00   0.000E+00   0.000E+00      6.085E+09   1.000E+00   1.000E+00   00000  3p2   N/A    N/A    N/A    6.972071E-01   4.863828E-01
   64   8.789192E+03   1.024117E+00   4.987E+14   1.914E+34   2.890E-01      7.573E-01   5.338E-01   8.370E-01   1.998E+00   0.000E+00   0.000E+00   0.000E+00   0.000E+00      5.973E+09   1.000E+00   1.000E+00   00000  3p2   N/A    N/A    N/A    6.997133E-01   4.893222E-01
   65   8.834732E+03   1.035246E+00   4.917E+14   1.841E+34   2.851E-01      7.544E-01   5.297E-01   8.330E-01   1.989E+00   0.000E+00   0.000E+00   0.000E+00   0.000E+00      5.863E+09   1.000E+00   1.000E+00   00000  3p2   N/A    N/A    N/A    7.022233E-01   4.922889E-01
   66   8.879809E+03   1.046076E+00   4.850E+14   1.774E+34   2.813E-01      7.517E-01   5.257E-01   8.291E-01   1.980E+00   0.000E+00   0.000E+00   0.000E+00   0.000E+00      5.756E+09   1.000E+00   1.000E+00   00000  3p2   N/A    N/A    N/A    7.046402E-01   4.951455E-01
   67   8.924432E+03   1.056677E+00   4.785E+14   1.712E+34   2.777E-01      7.490E-01   5.219E-01   8.254E-01   1.971E+00   0.000E+00   0.000E+00   0.000E+00   0.000E+00      5.653E+09   1.000E+00   1.000E+00   00000  3p2   N/A    N/A    N/A    7.069953E-01   4.979482E-01
   68   8.968613E+03   1.067174E+00   4.721E+14   1.650E+34   2.742E-01      7.463E-01   5.180E-01   8.216E-01   1.963E+00   0.000E+00   0.000E+00   0.000E+00   0.000E+00      5.550E+09   1.000E+00   1.000E+00   00000  3p2   N/A    N/A    N/A    7.093569E-01   5.007693E-01
   69   9.012362E+03   1.077568E+00   4.658E+14   1.589E+34   2.706E-01      7.436E-01   5.141E-01   8.178E-01   1.954E+00   0.000E+00   0.000E+00   0.000E+00   0.000E+00      5.447E+09   1.000E+00   1.000E+00   00000  3p2   N/A    N/A    N/A    7.117271E-01   5.036007E-01
   70   9.055692E+03   1.087862E+00   4.595E+14   1.529E+34   2.671E-01      7.409E-01   5.101E-01   8.140E-01   1.946E+00   0.000E+00   0.000E+00   0.000E+00   0.000E+00      5.345E+09   1.000E+00   1.000E+00   00000  3p2   N/A    N/A    N/A    7.140953E-01   5.064595E-01
   71   9.098610E+03   1.098058E+00   4.533E+14   1.469E+34   2.636E-01      7.381E-01   5.062E-01   8.102E-01   1.938E+00   0.000E+00   0.000E+00   0.000E+00   0.000E+00      5.243E+09   1.000E+00   1.000E+00   00000  3p2   N/A    N/A    N/A    7.164709E-01   5.093332E-01
   72   9.141128E+03   1.108160E+00   4.472E+14   1.409E+34   2.601E-01      7.354E-01   5.022E-01   8.064E-01   1.929E+00   0.000E+00   0.000E+00   0.000E+00   0.000E+00      5.140E+09   1.000E+00   1.000E+00   00000  3p2   N/A    N/A    N/A    7.188566E-01   5.122191E-01
   73   9.183254E+03   1.118168E+00   4.411E+14   1.351E+34   2.567E-01      7.327E-01   4.982E-01   8.026E-01   1.921E+00   0.000E+00   0.000E+00   0.000E+00   0.000E+00      5.040E+09   9.150E+06   1.000E+00   00000  3p2   N/A    N/A    N/A    7.212389E-01   5.151356E-01
   74   9.224996E+03   1.128085E+00   4.350E+14   1.292E+34   2.533E-01      7.299E-01   4.941E-01   7.987E-01   1.912E+00   0.000E+00   0.000E+00   0.000E+00   0.000E+00      4.940E+09   4.722E+07   1.000E+00   00000  3p2   N/A    N/A    N/A    7.236317E-01   5.180662E-01
   75   9.266364E+03   1.137913E+00   4.290E+14   1.235E+34   2.499E-01      7.271E-01   4.900E-01   7.948E-01   1.904E+00   0.000E+00   0.000E+00   0.000E+00   0.000E+00      4.838E+09   9.884E+07   1.000E+00   00000  3p2   N/A    N/A    N/A    7.260357E-01   5.210114E-01
   76   9.307366E+03   1.147654E+00   4.231E+14   1.178E+34   2.466E-01      7.244E-01   4.859E-01   7.910E-01   1.895E+00   0.000E+00   0.000E+00   0.000E+00   0.000E+00      4.740E+09   1.612E+08   1.000E+00   00000  3p2   N/A    N/A    N/A    7.284364E-01   5.239883E-01
   77   9.348011E+03   1.156898E+00   4.159E+14   1.126E+34   2.425E-01      7.209E-01   4.808E-01   7.861E-01   1.885E+00   0.000E+00   0.000E+00   0.000E+00   0.000E+00      4.617E+09   2.520E+08   1.000E+00   00000  3p2   N/A    N/A    N/A    7.314122E-01   5.276783E-01
   78   9.388305E+03   1.165795E+00   4.078E+14   1.079E+34   2.379E-01      7.171E-01   4.749E-01   7.807E-01   1.873E+00   0.000E+00   0.000E+00   0.000E+00   0.000E+00      4.481E+09   3.681E+08   1.000E+00   00000  3p2   N/A    N/A    N/A    7.347746E-01   5.318715E-01
   79   9.428255E+03   1.174615E+00   3.998E+14   1.033E+34   2.334E-01      7.131E-01   4.689E-01   7.752E-01   1.861E+00   0.000E+00   0.000E+00   0.000E+00   0.000E+00      4.346E+09   4.942E+08   1.000E+00   00000  3p2   N/A    N/A    N/A    7.381605E-01   5.361221E-01
   80   9.467870E+03   1.183362E+00   3.919E+14   9.866E+33   2.289E-01      7.091E-01   4.629E-01   7.696E-01   1.849E+00   0.000E+00   0.000E+00   0.000E+00   0.000E+00      4.210E+09   6.263E+08   1.000E+00   00000  3p2   N/A    N/A    N/A    7.415766E-01   5.404251E-01
   81   9.507156E+03   1.192036E+00   3.840E+14   9.407E+33   2.244E-01      7.051E-01   4.567E-01   7.639E-01   1.837E+00   0.000E+00   0.000E+00   0.000E+00   0.000E+00      4.078E+09   7.574E+08   1.000E+00   00000  3p2   N/A    N/A    N/A    7.450071E-01   5.447888E-01
   82   9.546120E+03   1.200638E+00   3.763E+14   8.953E+33   2.199E-01      7.010E-01   4.504E-01   7.582E-01   1.825E+00   0.000E+00   0.000E+00   0.000E+00   0.000E+00      3.943E+09   8.836E+08   1.000E+00   00000  3p2   N/A    N/A    N/A    7.484789E-01   5.492059E-01
   83   9.584769E+03   1.209172E+00   3.685E+14   8.502E+33   2.156E-01      6.969E-01   4.439E-01   7.524E-01   1.813E+00   0.000E+00   0.000E+00   0.000E+00   0.000E+00      3.814E+09   9.992E+08   1.000E+00   00000  3p2   N/A    N/A    N/A    7.519556E-01   5.536903E-01
   84   9.623109E+03   1.217637E+00   3.609E+14   8.054E+33   2.111E-01      6.927E-01   4.373E-01   7.465E-01   1.800E+00   0.000E+00   0.000E+00   0.000E+00   0.000E+00      3.683E+09   1.107E+09   1.000E+00   00000  3p2   N/A    N/A    N/A    7.554772E-01   5.582327E-01
   85   9.661145E+03   1.226035E+00   3.533E+14   7.611E+33   2.070E-01      6.876E-01   4.290E-01   7.393E-01   1.789E+00   0.000E+00   0.000E+00   0.000E+00   0.000E+00      3.563E+09   1.226E+09   1.000E+00   00000  3p2   N/A    N/A    N/A    7.590838E-01   5.627528E-01
   86   9.698885E+03   1.234367E+00   3.457E+14   7.170E+33   2.029E-01      6.821E-01   4.200E-01   7.315E-01   1.777E+00   0.000E+00   0.000E+00   0.000E+00   0.000E+00      3.445E+09   1.342E+09   1.000E+00   00000  3p2   N/A    N/A    N/A    7.627530E-01   5.673061E-01
   87   9.736332E+03   1.241403E+00   3.366E+14   6.825E+33   1.978E-01      6.752E-01   4.086E-01   7.218E-01   1.763E+00   0.000E+00   0.000E+00   0.000E+00   0.000E+00      3.300E+09   1.476E+09   1.000E+00   00000  3p2   N/A    N/A    N/A    7.673111E-01   5.729625E-01
   88   9.773494E+03   1.248127E+00   3.271E+14   6.501E+33   1.924E-01      6.678E-01   3.962E-01   7.114E-01   1.747E+00   0.000E+00   0.000E+00   0.000E+00   0.000E+00      3.147E+09   1.612E+09   1.000E+00   00000  3p2   N/A    N/A    N/A    7.721394E-01   5.789541E-01
   89   9.810376E+03   1.254800E+00   3.178E+14   6.180E+33   1.868E-01      6.602E-01   3.833E-01   7.007E-01   1.731E+00   0.000E+00   0.000E+00   0.000E+00   0.000E+00      2.992E+09   1.746E+09   1.000E+00   00000  3p2   N/A    N/A    N/A    7.770710E-01   5.850739E-01
   90   9.846982E+03   1.261423E+00   3.085E+14   5.861E+33   1.812E-01      6.522E-01   3.698E-01   6.897E-01   1.714E+00   0.000E+00   0.000E+00   0.000E+00   0.000E+00      2.835E+09   1.880E+09   1.000E+00   00000  3p2   N/A    N/A    N/A    7.821114E-01   5.913288E-01
   91   9.883318E+03   1.267998E+00   2.993E+14   5.544E+33   1.759E-01      6.432E-01   3.537E-01   6.770E-01   1.698E+00   0.000E+00   0.000E+00   0.000E+00   0.000E+00      2.692E+09   2.028E+09   1.000E+00   00000  3p2   N/A    N/A    N/A    7.872300E-01   5.976160E-01
   92   9.919388E+03   1.274525E+00   2.901E+14   5.230E+33   1.705E-01      6.336E-01   3.360E-01   6.637E-01   1.682E+00   0.000E+00   0.000E+00   0.000E+00   0.000E+00      2.551E+09   2.183E+09   1.000E+00   00000  3p2   N/A    N/A    N/A    7.924599E-01   6.040229E-01
   93   9.955199E+03   1.281004E+00   2.810E+14   4.918E+33   1.653E-01      6.240E-01   3.176E-01   6.503E-01   1.666E+00   0.000E+00   0.000E+00   0.000E+00   0.000E+00      2.415E+09   2.334E+09   1.000E+00   00000  3p2   N/A    N/A    N/A    7.976610E-01   6.105787E-01
   94   9.990754E+03   1.287437E+00   2.720E+14   4.608E+33   1.601E-01      6.141E-01   2.976E-01   6.366E-01   1.649E+00   0.000E+00   0.000E+00   0.000E+00   0.000E+00      2.278E+09   2.483E+09   1.000E+00   00000  3p2   N/A    N/A    N/A    8.029767E-01   6.173000E-01
   95   1.002606E+04   1.293569E+00   2.639E+14   4.320E+33   1.555E-01      6.052E-01   2.789E-01   6.243E-01   1.634E+00   0.000E+00   0.000E+00   0.000E+00   0.000E+00      2.162E+09   2.606E+09   1.000E+00   00000  3p2   N/A    N/A    N/A    8.077088E-01   6.234693E-01
   96   1.006111E+04   1.299118E+00   2.579E+14   4.076E+33   1.519E-01      5.982E-01   2.633E-01   6.147E-01   1.622E+00   0.000E+00   0.000E+00   0.000E+00   0.000E+00      2.072E+09   2.697E+09   1.000E+00   00000  3p2   N/A    N/A    N/A    8.113786E-01   6.282557E-01
   97   1.009593E+04   1.304628E+00   2.518E+14   3.833E+33   1.484E-01      5.911E-01   2.469E-01   6.051E-01   1.610E+00   0.000E+00   0.000E+00   0.000E+00   0.000E+00      1.985E+09   2.784E+09   1.000E+00   00000  3p2   N/A    N/A    N/A    8.150406E-01   6.331073E-01
   98   1.013050E+04   1.310100E+00   2.458E+14   3.592E+33   1.450E-01      5.839E-01   2.296E-01   5.955E-01   1.598E+00   0.000E+00   0.000E+00   0.000E+00   0.000E+00      1.901E+09   2.868E+09   1.000E+00   00000  3p2   N/A    N/A    N/A    8.186859E-01   6.380251E-01
   99   1.016484E+04   1.315535E+00   2.399E+14   3.353E+33   1.415E-01      5.765E-01   2.098E-01   5.857E-01   1.586E+00   0.000E+00   0.000E+00   0.000E+00   0.000E+00      1.816E+09   2.952E+09   1.000E+00   00000  3p2   N/A    N/A    N/A    8.223956E-01   6.430299E-01
  100   1.019895E+04   1.320933E+00   2.339E+14   3.115E+33   1.380E-01      5.691E-01   1.893E-01   5.760E-01   1.573E+00   0.000E+00   0.000E+00   0.000E+00   0.000E+00      1.734E+09   3.034E+09   1.000E+00   00000  3p2   N/A    N/A    N/A    8.260664E-01   6.481009E-01
  101   1.023284E+04   1.326296E+00   2.281E+14   2.878E+33   1.346E-01      5.615E-01   1.666E-01   5.663E-01   1.561E+00   0.000E+00   0.000E+00   0.000E+00   0.000E+00      1.655E+09   3.113E+09   1.000E+00   00000  3p2   N/A    N/A    N/A    8.297319E-01   6.532496E-01
  102   1.026650E+04   1.331623E+00   2.222E+14   2.644E+33   1.312E-01      5.536E-01   1.361E-01   5.564E-01   1.548E+00   0.000E+00   0.000E+00   0.000E+00   0.000E+00      1.575E+09   3.186E+09   1.000E+00   00000  3p2   N/A    N/A    N/A    8.334681E-01   6.584975E-01
  103   1.029994E+04   1.336473E+00   2.158E+14   2.439E+33   1.275E-01      5.447E-01   1.104E-01   5.462E-01   1.534E+00   0.000E+00   0.000E+00   0.000E+00   0.000E+00      1.491E+09   3.244E+09   1.000E+00   00000  3p2   N/A    N/A    N/A    8.374787E-01   6.643653E-01
  104   1.033317E+04   1.341004E+00   2.091E+14   2.253E+33   1.236E-01      5.350E-01   8.536E-02   5.357E-01   1.519E+00   0.000E+00   0.000E+00   0.000E+00   0.000E+00      1.403E+09   3.282E+09   1.000E+00   00000  3p2   N/A    N/A    N/A    8.417438E-01   6.707199E-01
  105   1.036618E+04   1.345507E+00   2.024E+14   2.069E+33   1.196E-01      5.249E-01  -0.000E+00   5.249E-01   1.503E+00   0.000E+00   0.000E+00   0.000E+00   0.000E+00      1.316E+09   3.289E+09   1.000E+00   00000  3p2   N/A    N/A    N/A    8.460904E-01   6.772269E-01
  106   1.039898E+04   1.349981E+00   1.958E+14   1.886E+33   1.158E-01      5.146E-01  -0.000E+00   5.146E-01   1.488E+00   0.000E+00   0.000E+00   0.000E+00   0.000E+00      1.235E+09   3.264E+09   1.000E+00   00000  3p2   N/A    N/A    N/A    8.503152E-01   6.838051E-01
  107   1.043158E+04   1.354426E+00   1.892E+14   1.704E+33   1.119E-01      5.040E-01  -0.000E+00   5.040E-01   1.471E+00   0.000E+00   0.000E+00   0.000E+00   0.000E+00      1.154E+09   3.212E+09   1.000E+00   00000  3p2   N/A    N/A    N/A    8.546580E-01   6.905671E-01
  108   1.046398E+04   1.358844E+00   1.826E+14   1.524E+33   1.081E-01      4.932E-01  -0.000E+00   4.932E-01   1.455E+00   0.000E+00   0.000E+00   0.000E+00   0.000E+00      1.076E+09   3.139E+09   1.000E+00   00000  3p2   N/A    N/A    N/A    8.589911E-01   6.974328E-01
  109   1.049618E+04   1.362811E+00   1.753E+14   1.367E+33   1.038E-01      4.810E-01  -0.000E+00   4.810E-01   1.436E+00   0.000E+00   0.000E+00   0.000E+00   0.000E+00      9.936E+08   3.039E+09   1.000E+00   00000  3p2   N/A    N/A    N/A    8.638311E-01   7.052264E-01
  110   1.052818E+04   1.366477E+00   1.676E+14   1.225E+33   9.925E-02      4.674E-01  -0.000E+00   4.674E-01   1.416E+00   0.000E+00   0.000E+00   0.000E+00   0.000E+00      9.071E+08   2.915E+09   1.000E+00   00000  3p2   N/A    N/A    N/A    8.691184E-01   7.137947E-01
  111   1.055998E+04   1.370122E+00   1.600E+14   1.084E+33   9.485E-02      4.537E-01  -0.000E+00   4.537E-01   1.395E+00   0.000E+00   0.000E+00   0.000E+00   0.000E+00      8.277E+08   2.780E+09   1.000E+00   00000  3p2   N/A    N/A    N/A    8.743065E-01   7.224649E-01
  112   1.058216E+04   1.372663E+00   1.540E+14   9.863E+32   9.124E-02      4.472E-01                           1.271E+00                                                      1.589E+09                                  1s0  966.8  232.0   32.0   9.501920E-01   0.000000E+00
  113   1.060808E+04   1.375632E+00   1.482E+14   8.716E+32   8.776E-02      4.408E-01                           1.255E+00                                                      1.780E+09                                  1s0  971.1  232.0   32.0   9.519280E-01   0.000000E+00
  114   1.062757E+04   1.377709E+00   1.426E+14   7.926E+32   8.441E-02      4.345E-01                           1.240E+00                                                      1.984E+09                                  1s0  975.2  232.0   32.0   9.536462E-01   0.000000E+00
  115   1.064157E+04   1.379026E+00   1.372E+14   7.440E+32   8.119E-02      4.283E-01                           1.224E+00                                                      2.201E+09                                  1s0  979.2  232.0   32.0   9.553467E-01   0.000000E+00
  116   1.065558E+04   1.380342E+00   1.320E+14   6.953E+32   7.810E-02      4.205E-01                           1.210E+00                                                      2.399E+09                                  1s0  995.2  232.0   32.0   9.568542E-01   0.000000E+00
  117   1.066959E+04   1.381659E+00   1.271E+14   6.466E+32   7.517E-02      4.087E-01                           1.201E+00                                                      2.541E+09                                  1s0 1043.5  232.0   32.0   9.579270E-01   0.000000E+00
  118   1.068359E+04   1.382975E+00   1.223E+14   5.980E+32   7.235E-02      3.977E-01                           1.190E+00                                                      2.690E+09                                  1s0 1090.1  232.0   32.0   9.590719E-01   0.000000E+00
  119   1.069760E+04   1.384291E+00   1.177E+14   5.493E+32   6.963E-02      3.874E-01                           1.179E+00                                                      2.842E+09                                  1s0 1134.9  232.0   32.0   9.602724E-01   0.000000E+00
  120   1.071161E+04   1.385608E+00   1.132E+14   5.007E+32   6.702E-02      3.778E-01                           1.168E+00                                                      2.993E+09                                  1s0 1178.0  232.0   32.0   9.615153E-01   0.000000E+00
  121   1.072480E+04   1.386810E+00   1.090E+14   4.564E+32   6.451E-02      3.687E-01                           1.156E+00                                                      3.139E+09                                  1s0 1219.4  232.0   32.0   9.627907E-01   0.000000E+00
  122   1.073390E+04   1.387434E+00   1.049E+14   4.341E+32   6.209E-02      3.601E-01                           1.145E+00                                                      3.280E+09                                  1s0 1259.3  232.0   32.0   9.640903E-01   0.000000E+00
  123   1.074299E+04   1.388058E+00   1.009E+14   4.118E+32   5.976E-02      3.520E-01                           1.133E+00                                                      3.416E+09                                  1s0 1297.8  232.0   32.0   9.654079E-01   0.000000E+00
  124   1.075209E+04   1.388682E+00   9.711E+13   3.894E+32   5.752E-02      3.443E-01                           1.121E+00                                                      3.547E+09                                  1s0 1334.7  232.0   32.0   9.667381E-01   0.000000E+00
  125   1.076118E+04   1.389306E+00   9.345E+13   3.671E+32   5.536E-02      3.370E-01                           1.108E+00                                                      3.674E+09                                  1s0 1370.3  232.0   32.0   9.680768E-01   0.000000E+00
  126   1.077028E+04   1.389930E+00   8.993E+13   3.448E+32   5.329E-02      3.300E-01                           1.096E+00                                                      3.796E+09                                  1s0 1404.5  232.0   32.0   9.694203E-01   0.000000E+00
  127   1.077937E+04   1.390553E+00   8.655E+13   3.225E+32   5.129E-02      3.234E-01                           1.084E+00                                                      3.915E+09                                  1s0 1437.4  232.0   32.0   9.707658E-01   0.000000E+00
  128   1.078847E+04   1.391177E+00   8.328E+13   3.002E+32   4.937E-02      3.169E-01                           1.072E+00                                                      4.029E+09                                  1s0 1469.1  232.0   32.0   9.721110E-01   0.000000E+00
  129   1.079756E+04   1.391801E+00   8.015E+13   2.779E+32   4.752E-02      3.108E-01                           1.060E+00                                                      4.139E+09                                  1s0 1499.6  232.0   32.0   9.734536E-01   0.000000E+00
  130   1.080568E+04   1.392292E+00   7.713E+13   2.605E+32   4.573E-02      3.291E-01                           1.060E+00                                                      4.135E+09                                  1s0 1519.5  183.0   40.0   9.733988E-01   0.000000E+00
  131   1.081278E+04   1.392642E+00   7.422E+13   2.484E+32   4.401E-02      3.236E-01                           1.047E+00                                                      4.247E+09                                  1s0 1538.6  183.0   40.0   9.748141E-01   0.000000E+00
  132   1.081988E+04   1.392992E+00   7.142E+13   2.362E+32   4.236E-02      3.182E-01                           1.034E+00                                                      4.353E+09                                  1s0 1556.9  183.0   40.0   9.762162E-01   0.000000E+00
  133   1.082698E+04   1.393343E+00   6.873E+13   2.240E+32   4.077E-02      3.130E-01                           1.022E+00                                                      4.453E+09                                  1s0 1574.5  183.0   40.0   9.776047E-01   0.000000E+00
  134   1.083407E+04   1.393693E+00   6.614E+13   2.118E+32   3.923E-02      3.079E-01                           1.009E+00                                                      4.548E+09                                  1s0 1591.5  183.0   40.0   9.789795E-01   0.000000E+00
  135   1.084117E+04   1.394043E+00   6.365E+13   1.996E+32   3.776E-02      3.030E-01                           9.969E-01                                                      4.637E+09                                  1s0 1607.8  183.0   40.0   9.803404E-01   0.000000E+00
  136   1.084827E+04   1.394394E+00   6.125E+13   1.874E+32   3.634E-02      2.982E-01                           9.847E-01                                                      4.720E+09                                  1s0 1623.5  183.0   40.0   9.816872E-01   0.000000E+00
  137   1.085537E+04   1.394744E+00   5.894E+13   1.753E+32   3.497E-02      2.935E-01                           9.725E-01                                                      4.798E+09                                  1s0 1638.7  183.0   40.0   9.830198E-01   0.000000E+00
  138   1.086246E+04   1.395094E+00   5.672E+13   1.631E+32   3.366E-02      2.889E-01                           9.606E-01                                                      4.869E+09                                  1s0 1653.2  183.0   40.0   9.843382E-01   0.000000E+00
  139   1.086918E+04   1.395398E+00   5.459E+13   1.526E+32   3.239E-02      2.844E-01                           9.487E-01                                                      4.934E+09                                  1s0 1667.2  183.0   40.0   9.856424E-01   0.000000E+00
  140   1.087512E+04   1.395606E+00   5.253E+13   1.455E+32   3.118E-02      2.801E-01                           9.370E-01                                                      4.994E+09                                  1s0 1680.7  183.0   40.0   9.869323E-01   0.000000E+00
  141   1.088105E+04   1.395814E+00   5.055E+13   1.384E+32   3.001E-02      2.758E-01                           9.254E-01                                                      5.047E+09                                  1s0 1693.7  183.0   40.0   9.882079E-01   0.000000E+00
  142   1.088699E+04   1.396023E+00   4.865E+13   1.313E+32   2.888E-02      2.717E-01                           9.139E-01                                                      5.094E+09                                  1s0 1706.1  183.0   40.0   9.894693E-01   0.000000E+00
  143   1.089293E+04   1.396231E+00   4.681E+13   1.243E+32   2.779E-02      2.676E-01                           9.026E-01                                                      5.134E+09                                  1s0 1718.2  183.0   40.0   9.907163E-01   0.000000E+00
  144   1.089887E+04   1.396440E+00   4.505E+13   1.172E+32   2.675E-02      2.636E-01                           8.914E-01                                                      5.169E+09                                  1s0 1729.7  183.0   40.0   9.919492E-01   0.000000E+00
  145   1.090480E+04   1.396648E+00   4.335E+13   1.101E+32   2.575E-02      2.597E-01                           8.803E-01                                                      5.197E+09                                  1s0 1740.8  183.0   40.0   9.931679E-01   0.000000E+00
  146   1.091074E+04   1.396856E+00   4.172E+13   1.030E+32   2.478E-02      2.559E-01                           8.693E-01                                                      5.219E+09                                  1s0 1751.5  183.0   40.0   9.943726E-01   0.000000E+00
  147   1.091668E+04   1.397065E+00   4.015E+13   9.596E+31   2.385E-02      2.521E-01                           8.585E-01                                                      5.235E+09                                  1s0 1761.8  183.0   40.0   9.955632E-01   0.000000E+00
  148   1.092247E+04   1.397261E+00   3.863E+13   8.931E+31   2.295E-02      2.485E-01                           8.478E-01                                                      5.244E+09                                  1s0 1771.7  183.0   40.0   9.967398E-01   0.000000E+00
  149   1.092739E+04   1.397383E+00   3.718E+13   8.524E+31   2.209E-02      2.449E-01                           8.372E-01                                                      5.248E+09                                  1s0 1781.3  183.0   40.0   9.979026E-01   0.000000E+00
  150   1.093232E+04   1.397505E+00   3.578E+13   8.117E+31   2.126E-02      2.414E-01                           8.268E-01                                                      5.245E+09                                  1s0 1790.5  183.0   40.0   9.990516E-01   0.000000E+00
  151   1.093724E+04   1.397628E+00   3.443E+13   7.710E+31   2.046E-02      2.379E-01                           8.165E-01                                                      5.236E+09                                  1s0 1799.3  183.0   40.0   1.000000E+00   0.000000E+00
  152   1.094216E+04   1.397750E+00   3.313E+13   7.302E+31   1.969E-02      2.543E-01                           8.040E-01                                                      5.217E+09                                  1s0 1772.4  193.0   50.0   1.000000E+00   0.000000E+00
  153   1.094708E+04   1.397873E+00   3.188E+13   6.895E+31   1.895E-02      2.525E-01                           7.932E-01                                                      5.193E+09                                  1s0 1743.4  193.0   50.0   1.000000E+00   0.000000E+00
  154   1.095200E+04   1.397995E+00   3.068E+13   6.488E+31   1.824E-02      2.506E-01                           7.826E-01                                                      5.162E+09                                  1s0 1715.4  193.0   50.0   1.000000E+00   0.000000E+00
  155   1.095693E+04   1.398117E+00   2.953E+13   6.080E+31   1.755E-02      2.487E-01                           7.722E-01                                                      5.126E+09                                  1s0 1688.6  193.0   50.0   1.000000E+00   0.000000E+00
  156   1.096185E+04   1.398240E+00   2.841E+13   5.673E+31   1.689E-02      2.469E-01                           7.618E-01                                                      5.085E+09                                  1s0 1662.7  193.0   50.0   1.000000E+00   0.000000E+00
  157   1.096677E+04   1.398362E+00   2.734E+13   5.266E+31   1.626E-02      2.449E-01                           7.517E-01                                                      5.039E+09                                  1s0 1637.8  193.0   50.0   1.000000E+00   0.000000E+00
  158   1.097098E+04   1.398441E+00   2.631E+13   5.008E+31   1.565E-02      2.430E-01                           7.416E-01                                                      4.990E+09                                  1s0 1613.9  193.0   50.0   1.000000E+00   0.000000E+00
  159   1.097508E+04   1.398512E+00   2.532E+13   4.773E+31   1.506E-02      2.411E-01                           7.317E-01                                                      4.938E+09                                  1s0 1590.8  193.0   50.0   1.000000E+00   0.000000E+00
  160   1.097918E+04   1.398584E+00   2.437E+13   4.538E+31   1.449E-02      2.392E-01                           7.220E-01                                                      4.882E+09                                  1s0 1568.7  193.0   50.0   1.000000E+00   0.000000E+00
  161   1.098328E+04   1.398656E+00   2.345E+13   4.303E+31   1.395E-02      2.372E-01                           7.124E-01                                                      4.825E+09                                  1s0 1547.3  193.0   50.0   1.000000E+00   0.000000E+00
  162   1.098739E+04   1.398728E+00   2.257E+13   4.068E+31   1.342E-02      2.352E-01                           7.029E-01                                                      4.765E+09                                  1s0 1526.8  193.0   50.0   1.000000E+00   0.000000E+00
  163   1.099149E+04   1.398800E+00   2.172E+13   3.833E+31   1.292E-02      2.333E-01                           6.935E-01                                                      4.705E+09                                  1s0 1507.0  193.0   50.0   1.000000E+00   0.000000E+00
  164   1.099559E+04   1.398872E+00   2.090E+13   3.598E+31   1.243E-02      2.313E-01                           6.843E-01                                                      4.643E+09                                  1s0 1488.0  193.0   50.0   1.000000E+00   0.000000E+00
  165   1.099969E+04   1.398944E+00   2.011E+13   3.363E+31   1.197E-02      2.293E-01                           6.752E-01                                                      4.580E+09                                  1s0 1469.7  193.0   50.0   1.000000E+00   0.000000E+00
  166   1.100379E+04   1.399016E+00   1.935E+13   3.127E+31   1.152E-02      2.273E-01                           6.662E-01                                                      4.516E+09                                  1s0 1452.1  193.0   50.0   1.000000E+00   0.000000E+00
  167   1.100750E+04   1.399071E+00   1.862E+13   2.948E+31   1.108E-02      2.253E-01                           6.573E-01                                                      4.453E+09                                  1s0 1435.1  193.0   50.0   1.000000E+00   0.000000E+00
  168   1.101089E+04   1.399113E+00   1.792E+13   2.813E+31   1.067E-02      2.233E-01                           6.486E-01                                                      4.389E+09                                  1s0 1418.8  193.0   50.0   1.000000E+00   0.000000E+00
  169   1.101428E+04   1.399154E+00   1.725E+13   2.679E+31   1.027E-02      2.213E-01                           6.400E-01                                                      4.325E+09                                  1s0 1403.1  193.0   50.0   1.000000E+00   0.000000E+00
  170   1.101767E+04   1.399196E+00   1.660E+13   2.544E+31   9.881E-03      2.192E-01                           6.315E-01                                                      4.261E+09                                  1s0 1388.0  193.0   50.0   1.000000E+00   0.000000E+00
  171   1.102106E+04   1.399238E+00   1.597E+13   2.409E+31   9.510E-03      2.172E-01                           6.232E-01                                                      4.198E+09                                  1s0 1373.5  193.0   50.0   1.000000E+00   0.000000E+00
  172   1.102445E+04   1.399280E+00   1.537E+13   2.275E+31   9.153E-03      2.152E-01                           6.149E-01                                                      4.136E+09                                  1s0 1359.5  193.0   50.0   1.000000E+00   0.000000E+00
  173   1.102784E+04   1.399321E+00   1.479E+13   2.140E+31   8.809E-03      2.134E-01                           6.118E-01                                                      4.111E+09                                  1s0 1341.9  164.0   50.0   1.000000E+00   0.000000E+00
  174   1.103123E+04   1.399363E+00   1.423E+13   2.005E+31   8.477E-03      2.121E-01                           6.034E-01                                                      4.048E+09                                  1s0 1315.5  164.0   50.0   1.000000E+00   0.000000E+00
  175   1.103462E+04   1.399405E+00   1.370E+13   1.871E+31   8.158E-03      2.108E-01                           5.952E-01                                                      3.985E+09                                  1s0 1290.1  164.0   50.0   1.000000E+00   0.000000E+00
  176   1.103794E+04   1.399445E+00   1.318E+13   1.743E+31   7.851E-03      2.094E-01                           5.871E-01                                                      3.923E+09                                  1s0 1265.7  164.0   50.0   1.000000E+00   0.000000E+00
  177   1.104069E+04   1.399468E+00   1.268E+13   1.668E+31   7.555E-03      2.080E-01                           5.791E-01                                                      3.862E+09                                  1s0 1242.1  164.0   50.0   1.000000E+00   0.000000E+00
  178   1.104344E+04   1.399492E+00   1.221E+13   1.593E+31   7.271E-03      2.067E-01                           5.712E-01                                                      3.802E+09                                  1s0 1219.5  164.0   50.0   1.000000E+00   0.000000E+00
  179   1.104619E+04   1.399515E+00   1.175E+13   1.518E+31   6.997E-03      2.053E-01                           5.634E-01                                                      3.742E+09                                  1s0 1197.7  164.0   50.0   1.000000E+00   0.000000E+00
  180   1.104894E+04   1.399539E+00   1.130E+13   1.443E+31   6.733E-03      2.039E-01                           5.557E-01                                                      3.682E+09                                  1s0 1176.7  164.0   50.0   1.000000E+00   0.000000E+00
  181   1.105169E+04   1.399562E+00   1.088E+13   1.368E+31   6.480E-03      2.024E-01                           5.481E-01                                                      3.623E+09                                  1s0 1156.5  164.0   50.0   1.000000E+00   0.000000E+00
  182   1.105444E+04   1.399586E+00   1.047E+13   1.293E+31   6.236E-03      2.010E-01                           5.406E-01                                                      3.564E+09                                  1s0 1137.1  164.0   50.0   1.000000E+00   0.000000E+00
  183   1.105719E+04   1.399610E+00   1.007E+13   1.218E+31   6.001E-03      1.995E-01                           5.332E-01                                                      3.505E+09                                  1s0 1118.4  164.0   50.0   1.000000E+00   0.000000E+00
  184   1.105994E+04   1.399633E+00   9.694E+12   1.142E+31   5.775E-03      1.981E-01                           5.260E-01                                                      3.447E+09                                  1s0 1100.4  164.0   50.0   1.000000E+00   0.000000E+00
  185   1.106269E+04   1.399657E+00   9.328E+12   1.067E+31   5.558E-03      1.965E-01                           5.194E-01                                                      3.393E+09                                  1s0 1084.4  161.0   50.0   1.000000E+00   0.000000E+00
  186   1.106523E+04   1.399676E+00   8.977E+12   1.005E+31   5.349E-03      1.949E-01                           5.124E-01                                                      3.335E+09                                  1s0 1069.0  161.0   50.0   1.000000E+00   0.000000E+00
  187   1.106738E+04   1.399689E+00   8.639E+12   9.655E+30   5.147E-03      1.934E-01                           5.054E-01                                                      3.277E+09                                  1s0 1054.2  161.0   50.0   1.000000E+00   0.000000E+00
  188   1.106954E+04   1.399702E+00   8.313E+12   9.259E+30   4.954E-03      1.918E-01                           4.986E-01                                                      3.219E+09                                  1s0 1040.0  161.0   50.0   1.000000E+00   0.000000E+00
  189   1.107170E+04   1.399714E+00   8.000E+12   8.863E+30   4.767E-03      1.902E-01                           4.919E-01                                                      3.161E+09                                  1s0 1026.3  161.0   50.0   1.000000E+00   0.000000E+00
  190   1.107385E+04   1.399727E+00   7.699E+12   8.467E+30   4.588E-03      1.886E-01                           4.852E-01                                                      3.102E+09                                  1s0 1013.1  161.0   50.0   1.000000E+00   0.000000E+00
  191   1.107601E+04   1.399739E+00   7.408E+12   8.071E+30   4.415E-03      1.870E-01                           4.787E-01                                                      3.044E+09                                  1s0 1000.4  161.0   50.0   1.000000E+00   0.000000E+00
  192   1.107817E+04   1.399752E+00   7.129E+12   7.675E+30   4.249E-03      1.853E-01                           4.722E-01                                                      2.986E+09                                  1s0  988.2  161.0   50.0   1.000000E+00   0.000000E+00
  193   1.108032E+04   1.399764E+00   6.861E+12   7.279E+30   4.089E-03      1.837E-01                           4.659E-01                                                      2.928E+09                                  1s0  976.4  161.0   50.0   1.000000E+00   0.000000E+00
  194   1.108248E+04   1.399777E+00   6.602E+12   6.883E+30   3.935E-03      1.821E-01                           4.596E-01                                                      2.871E+09                                  1s0  965.1  161.0   50.0   1.000000E+00   0.000000E+00
  195   1.108464E+04   1.399789E+00   6.353E+12   6.487E+30   3.787E-03      1.805E-01                           4.534E-01                                                      2.813E+09                                  1s0  954.2  161.0   50.0   1.000000E+00   0.000000E+00
  196   1.108679E+04   1.399802E+00   6.114E+12   6.091E+30   3.645E-03      1.796E-01                           4.473E-01                                                      2.757E+09                                  1s0  932.1  159.0   50.0   1.000000E+00   0.000000E+00
  197   1.108850E+04   1.399809E+00   5.884E+12   5.858E+30   3.508E-03      1.791E-01                           4.407E-01                                                      2.694E+09                                  1s0  903.2  159.0   50.0   1.000000E+00   0.000000E+00
  198   1.109007E+04   1.399815E+00   5.662E+12   5.677E+30   3.376E-03      1.787E-01                           4.341E-01                                                      2.632E+09                                  1s0  875.5  159.0   50.0   1.000000E+00   0.000000E+00
  199   1.109164E+04   1.399821E+00   5.449E+12   5.495E+30   3.248E-03      1.783E-01                           4.276E-01                                                      2.571E+09                                  1s0  848.7  159.0   50.0   1.000000E+00   0.000000E+00
  200   1.109320E+04   1.399827E+00   5.243E+12   5.314E+30   3.126E-03      1.778E-01                           4.211E-01                                                      2.509E+09                                  1s0  823.0  159.0   50.0   1.000000E+00   0.000000E+00
  201   1.109477E+04   1.399833E+00   5.046E+12   5.132E+30   3.008E-03      1.774E-01                           4.147E-01                                                      2.448E+09                                  1s0  798.3  159.0   50.0   1.000000E+00   0.000000E+00
  202   1.109633E+04   1.399839E+00   4.856E+12   4.951E+30   2.895E-03      1.769E-01                           4.084E-01                                                      2.388E+09                                  1s0  774.4  159.0   50.0   1.000000E+00   0.000000E+00
  203   1.109790E+04   1.399844E+00   4.673E+12   4.770E+30   2.786E-03      1.764E-01                           4.022E-01                                                      2.328E+09                                  1s0  751.5  159.0   50.0   1.000000E+00   0.000000E+00
  204   1.109947E+04   1.399850E+00   4.497E+12   4.588E+30   2.681E-03      1.759E-01                           3.960E-01                                                      2.269E+09                                  1s0  729.5  159.0   50.0   1.000000E+00   0.000000E+00
  205   1.110103E+04   1.399856E+00   4.327E+12   4.407E+30   2.580E-03      1.754E-01                           3.898E-01                                                      2.211E+09                                  1s0  708.2  159.0   50.0   1.000000E+00   0.000000E+00
  206   1.110260E+04   1.399862E+00   4.164E+12   4.225E+30   2.483E-03      1.748E-01                           3.838E-01                                                      2.153E+09                                  1s0  687.8  159.0   50.0   1.000000E+00   0.000000E+00
  207   1.110417E+04   1.399868E+00   4.007E+12   4.044E+30   2.390E-03      1.743E-01                           3.778E-01                                                      2.096E+09                                  1s0  668.2  159.0   50.0   1.000000E+00   0.000000E+00
  208   1.110573E+04   1.399873E+00   3.856E+12   3.863E+30   2.300E-03      1.737E-01                           3.719E-01                                                      2.039E+09                                  1s0  649.2  159.0   50.0   1.000000E+00   0.000000E+00
  209   1.110730E+04   1.399879E+00   3.711E+12   3.681E+30   2.213E-03      1.732E-01                           3.660E-01                                                      1.984E+09                                  1s0  631.0  159.0   50.0   1.000000E+00   0.000000E+00
  210   1.110875E+04   1.399883E+00   3.571E+12   3.565E+30   2.130E-03      1.726E-01                           3.602E-01                                                      1.929E+09                                  1s0  613.5  159.0   50.0   1.000000E+00   0.000000E+00
  211   1.111017E+04   1.399886E+00   3.437E+12   3.466E+30   2.050E-03      1.720E-01                           3.544E-01                                                      1.875E+09                                  1s0  596.7  159.0   50.0   1.000000E+00   0.000000E+00
  212   1.111160E+04   1.399889E+00   3.307E+12   3.367E+30   1.973E-03      1.714E-01                           3.487E-01                                                      1.822E+09                                  1s0  580.4  159.0   50.0   1.000000E+00   0.000000E+00
  213   1.111302E+04   1.399892E+00   3.183E+12   3.268E+30   1.898E-03      1.707E-01                           3.431E-01                                                      1.769E+09                                  1s0  564.8  159.0   50.0   1.000000E+00   0.000000E+00
  214   1.111444E+04   1.399896E+00   3.063E+12   3.170E+30   1.827E-03      1.701E-01                           3.375E-01                                                      1.718E+09                                  1s0  549.8  159.0   50.0   1.000000E+00   0.000000E+00
  215   1.111586E+04   1.399899E+00   2.947E+12   3.071E+30   1.758E-03      1.694E-01                           3.320E-01                                                      1.668E+09                                  1s0  535.4  159.0   50.0   1.000000E+00   0.000000E+00
  216   1.111728E+04   1.399902E+00   2.836E+12   2.972E+30   1.692E-03      1.687E-01                           3.266E-01                                                      1.618E+09                                  1s0  521.4  159.0   50.0   1.000000E+00   0.000000E+00
  217   1.111870E+04   1.399905E+00   2.729E+12   2.873E+30   1.628E-03      1.680E-01                           3.212E-01                                                      1.570E+09                                  1s0  508.1  159.0   50.0   1.000000E+00   0.000000E+00
  218   1.112013E+04   1.399908E+00   2.626E+12   2.775E+30   1.567E-03      1.554E-01                           3.284E-01                                                      1.635E+09                                  1s0  494.2  117.0   40.0   1.000000E+00   0.000000E+00
  219   1.112155E+04   1.399912E+00   2.528E+12   2.676E+30   1.508E-03      1.550E-01                           3.232E-01                                                      1.588E+09                                  1s0  479.3  117.0   40.0   1.000000E+00   0.000000E+00
  220   1.112297E+04   1.399915E+00   2.432E+12   2.577E+30   1.451E-03      1.546E-01                           3.180E-01                                                      1.542E+09                                  1s0  464.9  117.0   40.0   1.000000E+00   0.000000E+00
  221   1.112439E+04   1.399918E+00   2.341E+12   2.478E+30   1.397E-03      1.542E-01                           3.129E-01                                                      1.496E+09                                  1s0  451.1  117.0   40.0   1.000000E+00   0.000000E+00
  222   1.112581E+04   1.399921E+00   2.252E+12   2.380E+30   1.344E-03      1.538E-01                           3.078E-01                                                      1.452E+09                                  1s0  437.8  117.0   40.0   1.000000E+00   0.000000E+00
  223   1.112724E+04   1.399924E+00   2.168E+12   2.281E+30   1.294E-03      1.533E-01                           3.028E-01                                                      1.408E+09                                  1s0  424.9  117.0   40.0   1.000000E+00   0.000000E+00
  224   1.112864E+04   1.399927E+00   2.086E+12   2.202E+30   1.245E-03      1.529E-01                           2.978E-01                                                      1.366E+09                                  1s0  412.6  117.0   40.0   1.000000E+00   0.000000E+00
  225   1.113001E+04   1.399929E+00   2.007E+12   2.150E+30   1.198E-03      1.524E-01                           2.929E-01                                                      1.324E+09                                  1s0  400.8  117.0   40.0   1.000000E+00   0.000000E+00
  226   1.113138E+04   1.399930E+00   1.932E+12   2.099E+30   1.153E-03      1.519E-01                           2.880E-01                                                      1.283E+09                                  1s0  389.4  117.0   40.0   1.000000E+00   0.000000E+00
  227   1.113275E+04   1.399932E+00   1.859E+12   2.047E+30   1.110E-03      1.514E-01                           2.831E-01                                                      1.243E+09                                  1s0  378.4  117.0   40.0   1.000000E+00   0.000000E+00
  228   1.113412E+04   1.399934E+00   1.789E+12   1.995E+30   1.068E-03      1.509E-01                           2.783E-01                                                      1.203E+09                                  1s0  367.8  117.0   40.0   1.000000E+00   0.000000E+00
  229   1.113549E+04   1.399935E+00   1.721E+12   1.943E+30   1.028E-03      1.504E-01                           2.736E-01                                                      1.165E+09                                  1s0  357.6  117.0   40.0   1.000000E+00   0.000000E+00
  230   1.113687E+04   1.399937E+00   1.657E+12   1.892E+30   9.890E-04      1.499E-01                           2.689E-01                                                      1.126E+09                                  1s0  347.9  117.0   40.0   1.000000E+00   0.000000E+00
  231   1.113824E+04   1.399939E+00   1.594E+12   1.840E+30   9.518E-04      1.493E-01                           2.642E-01                                                      1.089E+09                                  1s0  338.4  117.0   40.0   1.000000E+00   0.000000E+00
  232   1.113961E+04   1.399940E+00   1.534E+12   1.788E+30   9.160E-04      1.488E-01                           2.596E-01                                                      1.052E+09                                  1s0  329.4  117.0   40.0   1.000000E+00   0.000000E+00
  233   1.114098E+04   1.399942E+00   1.476E+12   1.736E+30   8.816E-04      1.482E-01                           2.550E-01                                                      1.016E+09                                  1s0  320.6  117.0   40.0   1.000000E+00   0.000000E+00
  234   1.114235E+04   1.399944E+00   1.421E+12   1.685E+30   8.484E-04      1.476E-01                           2.509E-01                                                      9.839E+08                                  1s0  312.3  116.0   40.0   1.000000E+00   0.000000E+00
  235   1.114372E+04   1.399945E+00   1.367E+12   1.633E+30   8.165E-04      1.470E-01                           2.464E-01                                                      9.489E+08                                  1s0  304.3  116.0   40.0   1.000000E+00   0.000000E+00
  236   1.114510E+04   1.399947E+00   1.316E+12   1.581E+30   7.858E-04      1.464E-01                           2.420E-01                                                      9.145E+08                                  1s0  296.6  116.0   40.0   1.000000E+00   0.000000E+00
  237   1.114647E+04   1.399949E+00   1.266E+12   1.529E+30   7.562E-04      1.458E-01                           2.376E-01                                                      8.805E+08                                  1s0  289.2  116.0   40.0   1.000000E+00   0.000000E+00
  238   1.114784E+04   1.399951E+00   1.218E+12   1.478E+30   7.278E-04      1.451E-01                           2.332E-01                                                      8.470E+08                                  1s0  282.1  116.0   40.0   1.000000E+00   0.000000E+00
  239   1.114921E+04   1.399952E+00   1.172E+12   1.426E+30   7.004E-04      1.445E-01                           2.289E-01                                                      8.139E+08                                  1s0  275.2  116.0   40.0   1.000000E+00   0.000000E+00
  240   1.115082E+04   1.399954E+00   1.128E+12   1.382E+30   6.741E-04      1.438E-01                           2.247E-01                                                      7.812E+08                                  1s0  268.6  116.0   40.0   1.000000E+00   0.000000E+00
  241   1.115259E+04   1.399955E+00   1.086E+12   1.345E+30   6.487E-04      1.431E-01                           2.204E-01                                                      7.490E+08                                  1s0  262.2  116.0   40.0   1.000000E+00   0.000000E+00
  242   1.115437E+04   1.399956E+00   1.045E+12   1.308E+30   6.244E-04      1.424E-01                           2.163E-01                                                      7.171E+08                                  1s0  256.1  116.0   40.0   1.000000E+00   0.000000E+00
  243   1.115614E+04   1.399957E+00   1.005E+12   1.270E+30   6.009E-04      1.417E-01                           2.121E-01                                                      6.855E+08                                  1s0  250.2  116.0   40.0   1.000000E+00   0.000000E+00
  244   1.115792E+04   1.399959E+00   9.676E+11   1.233E+30   5.783E-04      1.410E-01                           2.080E-01                                                      6.543E+08                                  1s0  244.6  116.0   40.0   1.000000E+00   0.000000E+00
  245   1.115969E+04   1.399960E+00   9.311E+11   1.196E+30   5.565E-04      1.402E-01                           2.040E-01                                                      6.234E+08                                  1s0  239.1  116.0   40.0   1.000000E+00   0.000000E+00
  246   1.116147E+04   1.399961E+00   8.961E+11   1.158E+30   5.355E-04      1.395E-01                           1.999E-01                                                      5.929E+08                                  1s0  233.9  116.0   40.0   1.000000E+00   0.000000E+00
  247   1.116325E+04   1.399962E+00   8.623E+11   1.121E+30   5.154E-04      1.387E-01                           1.960E-01                                                      5.626E+08                                  1s0  228.8  116.0   40.0   1.000000E+00   0.000000E+00
  248   1.116502E+04   1.399963E+00   8.298E+11   1.083E+30   4.959E-04      1.379E-01                           1.920E-01                                                      5.327E+08                                  1s0  224.0  116.0   40.0   1.000000E+00   0.000000E+00
  249   1.116680E+04   1.399965E+00   7.985E+11   1.046E+30   4.773E-04      1.371E-01                           1.881E-01                                                      5.032E+08                                  1s0  219.3  116.0   40.0   1.000000E+00   0.000000E+00
  250   1.116857E+04   1.399966E+00   7.685E+11   1.009E+30   4.593E-04      1.363E-01                           1.843E-01                                                      4.742E+08                                  1s0  214.8  116.0   40.0   1.000000E+00   0.000000E+00
  251   1.117035E+04   1.399967E+00   7.395E+11   9.714E+29   4.420E-04      1.355E-01                           1.804E-01                                                      4.458E+08                                  1s0  210.5  116.0   40.0   1.000000E+00   0.000000E+00
  252   1.117212E+04   1.399968E+00   7.116E+11   9.340E+29   4.254E-04      1.347E-01                           1.767E-01                                                      4.179E+08                                  1s0  206.3  116.0   40.0   1.000000E+00   0.000000E+00
  253   1.117390E+04   1.399970E+00   6.848E+11   8.967E+29   4.093E-04      1.338E-01                           1.729E-01                                                      3.906E+08                                  1s0  202.3  116.0   40.0   1.000000E+00   0.000000E+00
  254   1.117560E+04   1.399971E+00   6.590E+11   8.659E+29   3.939E-04      1.330E-01                           1.692E-01                                                      3.638E+08                                  1s0  198.4  116.0   40.0   1.000000E+00   0.000000E+00
  255   1.117711E+04   1.399971E+00   6.342E+11   8.504E+29   3.791E-04      1.322E-01                           1.655E-01                                                      3.374E+08                                  1s0  194.5  116.0   40.0   1.000000E+00   0.000000E+00
  256   1.117863E+04   1.399972E+00   6.103E+11   8.349E+29   3.648E-04      1.313E-01                           1.618E-01                                                      3.118E+08                                  1s0  190.8  116.0   40.0   1.000000E+00   0.000000E+00
  257   1.118014E+04   1.399972E+00   5.873E+11   8.194E+29   3.511E-04      1.305E-01                           1.581E-01                                                      2.869E+08                                  1s0  187.2  116.0   40.0   1.000000E+00   0.000000E+00
  258   1.118166E+04   1.399973E+00   5.652E+11   8.038E+29   3.379E-04      1.296E-01                           1.545E-01                                                      2.628E+08                                  1s0  183.8  116.0   40.0   1.000000E+00   0.000000E+00
  259   1.118317E+04   1.399973E+00   5.439E+11   7.883E+29   3.252E-04      1.287E-01                           1.509E-01                                                      2.395E+08                                  1s0  180.5  116.0   40.0   1.000000E+00   0.000000E+00
  260   1.118469E+04   1.399974E+00   5.234E+11   7.728E+29   3.130E-04      1.287E-01                           1.457E-01                                                      2.064E+08                                  1s0  174.1  116.0   40.0   1.000000E+00   0.000000E+00
  261   1.118620E+04   1.399974E+00   5.037E+11   7.573E+29   3.012E-04      1.287E-01                           1.399E-01                                                      1.719E+08                                  1s0  167.4  116.0   40.0   1.000000E+00   0.000000E+00
  262   1.118772E+04   1.399975E+00   4.847E+11   7.417E+29   2.899E-04      1.287E-01                           1.338E-01                                                      1.379E+08                                  1s0  160.9  116.0   40.0   1.000000E+00   0.000000E+00
  263   1.118923E+04   1.399975E+00   4.664E+11   7.262E+29   2.790E-04      1.288E-01                           1.274E-01                                                      1.046E+08                                  1s0  154.7  116.0   40.0   1.000000E+00   0.000000E+00
  264   1.119075E+04   1.399976E+00   4.488E+11   7.107E+29   2.685E-04      1.288E-01                           1.205E-01                                                      7.237E+07                                  1s0  148.8  116.0   40.0   1.000000E+00   0.000000E+00
  265   1.119226E+04   1.399976E+00   4.319E+11   6.951E+29   2.584E-04      1.289E-01                           1.131E-01                                                      4.172E+07                                  1s0  143.0  116.0   40.0   1.000000E+00   0.000000E+00
  266   1.119378E+04   1.399977E+00   4.157E+11   6.796E+29   2.487E-04      1.289E-01                           1.048E-01                                                      1.351E+07                                  1s0  137.5  116.0   40.0   1.000000E+00   0.000000E+00
  267   1.119530E+04   1.399977E+00   4.000E+11   6.641E+29   2.394E-04      1.290E-01                           9.542E-02                                                      7.504E+04                                  1s0  132.2  116.0   40.0   1.000000E+00   0.000000E+00
  268   1.119681E+04   1.399978E+00   3.849E+11   6.486E+29   2.304E-04      1.280E-01                                                                                                                                          130.0  130.0   40.0
  269   1.119833E+04   1.399978E+00   3.704E+11   6.330E+29   2.217E-04      1.264E-01                                                                                                                                          130.0  130.0   40.0
  270   1.119984E+04   1.399979E+00   3.564E+11   6.175E+29   2.133E-04      1.248E-01                                                                                                                                          130.0  130.0   40.0
  271   1.120136E+04   1.399979E+00   3.430E+11   6.020E+29   2.053E-04      1.232E-01                                                                                                                                          130.0  130.0   40.0
  272   1.120333E+04   1.399980E+00   3.301E+11   5.850E+29   1.975E-04      1.216E-01                                                                                                                                          130.0  130.0   40.0
  273   1.120664E+04   1.399981E+00   3.176E+11   5.638E+29   1.901E-04      1.214E-01                                                                                                                                           88.0   88.0   28.0
  274   1.120995E+04   1.399981E+00   3.057E+11   5.427E+29   1.830E-04      1.199E-01                                                                                                                                           88.0   88.0   28.0
  275   1.121325E+04   1.399982E+00   2.941E+11   5.216E+29   1.761E-04      1.184E-01                                                                                                                                           88.0   88.0   28.0
  276   1.121656E+04   1.399983E+00   2.831E+11   5.004E+29   1.695E-04      1.169E-01                                                                                                                                           88.0   88.0   28.0
  277   1.121987E+04   1.399983E+00   2.724E+11   4.793E+29   1.631E-04      1.154E-01                                                                                                                                           88.0   88.0   28.0
  278   1.122317E+04   1.399984E+00   2.621E+11   4.581E+29   1.570E-04      1.148E-01                                                                                                                                           86.0   86.0   28.0
  279   1.122648E+04   1.399985E+00   2.522E+11   4.370E+29   1.511E-04      1.133E-01                                                                                                                                           86.0   86.0   28.0
  280   1.122978E+04   1.399986E+00   2.427E+11   4.159E+29   1.454E-04      1.119E-01                                                                                                                                           86.0   86.0   28.0
  281   1.123309E+04   1.399986E+00   2.336E+11   3.947E+29   1.399E-04      1.105E-01                                                                                                                                           86.0   86.0   28.0
  282   1.123640E+04   1.399987E+00   2.248E+11   3.736E+29   1.346E-04      1.091E-01                                                                                                                                           86.0   86.0   28.0
  283   1.123970E+04   1.399988E+00   2.163E+11   3.524E+29   1.295E-04      1.077E-01                                                                                                                                           86.0   86.0   28.0
  284   1.124286E+04   1.399988E+00   2.081E+11   3.391E+29   1.246E-04      1.063E-01                                                                                                                                           86.0   86.0   28.0
  285   1.124600E+04   1.399989E+00   2.003E+11   3.260E+29   1.200E-04      1.058E-01                                                                                                                                           84.0   84.0   28.0
  286   1.124915E+04   1.399989E+00   1.927E+11   3.129E+29   1.155E-04      1.045E-01                                                                                                                                           84.0   84.0   28.0
  287   1.125230E+04   1.399990E+00   1.855E+11   2.998E+29   1.111E-04      1.031E-01                                                                                                                                           84.0   84.0   28.0
  288   1.125544E+04   1.399990E+00   1.785E+11   2.867E+29   1.069E-04      1.018E-01                                                                                                                                           84.0   84.0   28.0
  289   1.125859E+04   1.399990E+00   1.718E+11   2.736E+29   1.029E-04      1.005E-01                                                                                                                                           84.0   84.0   28.0
  290   1.126174E+04   1.399991E+00   1.653E+11   2.605E+29   9.902E-05      9.924E-02                                                                                                                                           84.0   84.0   28.0
  291   1.126488E+04   1.399991E+00   1.591E+11   2.474E+29   9.530E-05      9.798E-02                                                                                                                                           84.0   84.0   28.0
  292   1.126803E+04   1.399992E+00   1.531E+11   2.343E+29   9.171E-05      9.673E-02                                                                                                                                           84.0   84.0   28.0
  293   1.127118E+04   1.399992E+00   1.473E+11   2.212E+29   8.827E-05      9.551E-02                                                                                                                                           84.0   84.0   28.0
  294   1.127432E+04   1.399993E+00   1.417E+11   2.081E+29   8.495E-05      9.429E-02                                                                                                                                           84.0   84.0   28.0
  295   1.127712E+04   1.399993E+00   1.364E+11   2.005E+29   8.175E-05      9.385E-02                                                                                                                                           82.0   82.0   28.0
  296   1.127991E+04   1.399993E+00   1.313E+11   1.930E+29   7.868E-05      9.266E-02                                                                                                                                           82.0   82.0   28.0
  297   1.128270E+04   1.399993E+00   1.263E+11   1.856E+29   7.572E-05      9.148E-02                                                                                                                                           82.0   82.0   28.0
  298   1.128549E+04   1.399994E+00   1.215E+11   1.781E+29   7.288E-05      9.032E-02                                                                                                                                           82.0   82.0   28.0
  299   1.128828E+04   1.399994E+00   1.170E+11   1.706E+29   7.014E-05      8.918E-02                                                                                                                                           82.0   82.0   28.0
  300   1.129107E+04   1.399994E+00   1.126E+11   1.631E+29   6.751E-05      8.805E-02                                                                                                                                           82.0   82.0   28.0
  301   1.129386E+04   1.399994E+00   1.083E+11   1.557E+29   6.497E-05      8.693E-02                                                                                                                                           82.0   82.0   28.0
  302   1.129665E+04   1.399995E+00   1.042E+11   1.482E+29   6.253E-05      8.653E-02                                                                                                                                           80.0   80.0   28.0
  303   1.129944E+04   1.399995E+00   1.003E+11   1.407E+29   6.017E-05      8.543E-02                                                                                                                                           80.0   80.0   28.0
  304   1.130223E+04   1.399995E+00   9.652E+10   1.333E+29   5.791E-05      8.435E-02                                                                                                                                           80.0   80.0   28.0
  305   1.130502E+04   1.399996E+00   9.288E+10   1.258E+29   5.573E-05      8.327E-02                                                                                                                                           80.0   80.0   28.0
  306   1.130778E+04   1.399996E+00   8.938E+10   1.202E+29   5.363E-05      8.222E-02                                                                                                                                           80.0   80.0   28.0
  307   1.131054E+04   1.399996E+00   8.601E+10   1.154E+29   5.161E-05      8.117E-02                                                                                                                                           80.0   80.0   28.0
  308   1.131329E+04   1.399996E+00   8.277E+10   1.106E+29   4.966E-05      8.082E-02                                                                                                                                           78.0   78.0   28.0
  309   1.131605E+04   1.399996E+00   7.965E+10   1.058E+29   4.779E-05      7.979E-02                                                                                                                                           78.0   78.0   28.0
  310   1.131880E+04   1.399996E+00   7.664E+10   1.010E+29   4.599E-05      7.877E-02                                                                                                                                           78.0   78.0   28.0
  311   1.132155E+04   1.399997E+00   7.375E+10   9.619E+28   4.426E-05      7.777E-02                                                                                                                                           78.0   78.0   28.0
  312   1.132431E+04   1.399997E+00   7.097E+10   9.139E+28   4.259E-05      7.678E-02                                                                                                                                           78.0   78.0   28.0
  313   1.132706E+04   1.399997E+00   6.830E+10   8.659E+28   4.099E-05      7.581E-02                                                                                                                                           78.0   78.0   28.0
  314   1.132981E+04   1.399997E+00   6.572E+10   8.179E+28   3.944E-05      7.484E-02                                                                                                                                           78.0   78.0   28.0
  315   1.133257E+04   1.399997E+00   6.325E+10   7.699E+28   3.796E-05      7.389E-02                                                                                                                                           78.0   78.0   28.0
  316   1.133525E+04   1.399997E+00   6.086E+10   7.252E+28   3.653E-05      7.295E-02                                                                                                                                           78.0   78.0   28.0
  317   1.133753E+04   1.399997E+00   5.857E+10   6.990E+28   3.515E-05      7.202E-02                                                                                                                                           78.0   78.0   28.0
  318   1.133981E+04   1.399998E+00   5.636E+10   6.727E+28   3.383E-05      7.111E-02                                                                                                                                           78.0   78.0   28.0
  319   1.134209E+04   1.399998E+00   5.423E+10   6.465E+28   3.255E-05      7.020E-02                                                                                                                                           78.0   78.0   28.0
  320   1.134437E+04   1.399998E+00   5.219E+10   6.203E+28   3.133E-05      6.931E-02                                                                                                                                           78.0   78.0   28.0
  321   1.134665E+04   1.399998E+00   5.022E+10   5.940E+28   3.015E-05      6.843E-02                                                                                                                                           78.0   78.0   28.0
  322   1.134893E+04   1.399998E+00   4.833E+10   5.678E+28   2.902E-05      6.756E-02                                                                                                                                           78.0   78.0   28.0
  323   1.135121E+04   1.399998E+00   4.651E+10   5.415E+28   2.793E-05      6.671E-02                                                                                                                                           78.0   78.0   28.0
  324   1.135349E+04   1.399998E+00   4.475E+10   5.153E+28   2.688E-05      6.586E-02                                                                                                                                           78.0   78.0   28.0
  325   1.135577E+04   1.399998E+00   4.307E+10   4.891E+28   2.587E-05      6.502E-02                                                                                                                                           78.0   78.0   28.0
  326   1.135806E+04   1.399998E+00   4.144E+10   4.628E+28   2.489E-05      6.514E-02                                                                                                                                           80.0   80.0   30.0
  327   1.136034E+04   1.399998E+00   3.988E+10   4.366E+28   2.395E-05      6.431E-02                                                                                                                                           80.0   80.0   30.0
  328   1.136263E+04   1.399998E+00   3.838E+10   4.176E+28   2.305E-05      6.349E-02                                                                                                                                           80.0   80.0   30.0
  329   1.136493E+04   1.399999E+00   3.693E+10   4.004E+28   2.218E-05      6.268E-02                                                                                                                                           80.0   80.0   30.0
  330   1.136723E+04   1.399999E+00   3.554E+10   3.832E+28   2.134E-05      6.188E-02                                                                                                                                           80.0   80.0   30.0
  331   1.136953E+04   1.399999E+00   3.420E+10   3.661E+28   2.054E-05      6.109E-02                                                                                                                                           80.0   80.0   30.0
  332   1.137183E+04   1.399999E+00   3.291E+10   3.489E+28   1.976E-05      6.032E-02                                                                                                                                           80.0   80.0   30.0
  333   1.137413E+04   1.399999E+00   3.167E+10   3.317E+28   1.902E-05      5.955E-02                                                                                                                                           80.0   80.0   30.0
  334   1.137643E+04   1.399999E+00   3.048E+10   3.145E+28   1.830E-05      5.879E-02                                                                                                                                           80.0   80.0   30.0
  335   1.137873E+04   1.399999E+00   2.933E+10   2.973E+28   1.762E-05      5.805E-02                                                                                                                                           80.0   80.0   30.0
  336   1.138103E+04   1.399999E+00   2.822E+10   2.801E+28   1.695E-05      5.731E-02                                                                                                                                           80.0   80.0   30.0
  337   1.138333E+04   1.399999E+00   2.716E+10   2.630E+28   1.632E-05      5.659E-02                                                                                                                                           80.0   80.0   30.0
  338   1.138545E+04   1.399999E+00   2.613E+10   2.493E+28   1.570E-05      5.587E-02                                                                                                                                           80.0   80.0   30.0
  339   1.138734E+04   1.399999E+00   2.515E+10   2.400E+28   1.511E-05      5.516E-02                                                                                                                                           80.0   80.0   30.0
  340   1.138923E+04   1.399999E+00   2.420E+10   2.308E+28   1.454E-05      5.445E-02                                                                                                                                           80.0   80.0   30.0
  341   1.139112E+04   1.399999E+00   2.329E+10   2.215E+28   1.399E-05      5.376E-02                                                                                                                                           80.0   80.0   30.0
  342   1.139300E+04   1.399999E+00   2.241E+10   2.123E+28   1.347E-05      5.308E-02                                                                                                                                           80.0   80.0   30.0
  343   1.139489E+04   1.399999E+00   2.157E+10   2.030E+28   1.296E-05      5.240E-02                                                                                                                                           80.0   80.0   30.0
  344   1.139678E+04   1.399999E+00   2.075E+10   1.938E+28   1.247E-05      5.217E-02                                                                                                                                           78.0   78.0   30.0
  345   1.139867E+04   1.399999E+00   1.997E+10   1.845E+28   1.200E-05      5.151E-02                                                                                                                                           78.0   78.0   30.0
  346   1.140056E+04   1.399999E+00   1.922E+10   1.753E+28   1.155E-05      5.086E-02                                                                                                                                           78.0   78.0   30.0
  347   1.140244E+04   1.399999E+00   1.849E+10   1.660E+28   1.112E-05      5.021E-02                                                                                                                                           78.0   78.0   30.0
  348   1.140433E+04   1.399999E+00   1.780E+10   1.568E+28   1.070E-05      4.957E-02                                                                                                                                           78.0   78.0   30.0
  349   1.140617E+04   1.399999E+00   1.713E+10   1.488E+28   1.030E-05      4.894E-02                                                                                                                                           78.0   78.0   30.0
  350   1.140789E+04   1.399999E+00   1.648E+10   1.433E+28   9.909E-06      4.850E-02                                                                                                                                           72.0   72.0   28.0
  351   1.140962E+04   1.399999E+00   1.586E+10   1.378E+28   9.535E-06      4.788E-02                                                                                                                                           72.0   72.0   28.0
  352   1.141135E+04   1.400000E+00   1.526E+10   1.323E+28   9.175E-06      4.727E-02                                                                                                                                           72.0   72.0   28.0
  353   1.141307E+04   1.400000E+00   1.469E+10   1.268E+28   8.829E-06      4.667E-02                                                                                                                                           72.0   72.0   28.0
  354   1.141480E+04   1.400000E+00   1.413E+10   1.213E+28   8.496E-06      4.608E-02                                                                                                                                           72.0   72.0   28.0
  355   1.141653E+04   1.400000E+00   1.360E+10   1.158E+28   8.176E-06      4.549E-02                                                                                                                                           72.0   72.0   28.0
  356   1.141825E+04   1.400000E+00   1.309E+10   1.103E+28   7.867E-06      4.491E-02                                                                                                                                           72.0   72.0   28.0
  357   1.141998E+04   1.400000E+00   1.259E+10   1.048E+28   7.571E-06      4.493E-02                                                                                                                                           84.0   84.0   34.0
  358   1.142171E+04   1.400000E+00   1.212E+10   9.933E+27   7.285E-06      4.436E-02                                                                                                                                           84.0   84.0   34.0
  359   1.142343E+04   1.400000E+00   1.166E+10   9.383E+27   7.010E-06      4.380E-02                                                                                                                                           84.0   84.0   34.0
  360   1.142515E+04   1.400000E+00   1.122E+10   8.878E+27   6.746E-06      4.324E-02                                                                                                                                           84.0   84.0   34.0
  361   1.142684E+04   1.400000E+00   1.080E+10   8.522E+27   6.491E-06      4.269E-02                                                                                                                                           84.0   84.0   34.0
  362   1.142853E+04   1.400000E+00   1.039E+10   8.166E+27   6.246E-06      4.215E-02                                                                                                                                           84.0   84.0   34.0
  363   1.143022E+04   1.400000E+00   1.000E+10   7.810E+27   6.011E-06      4.161E-02                                                                                                                                           84.0   84.0   34.0
