         5       363       111       267

EOS                                                                            

  i            rad           emas         rho         pres          nb           kf(e)      kf(mu)       kf(p)       kf(n)      kf(la)      kf(S-)      kf(S0)      kf(S+)         Tc(n)       Tc(p)      Tc(la)    Durca  nSF   Acel   Aion   Zion

    0   0.000000E+00   0.000000E+00   9.240E+14   1.278E+35   5.086E-01      8.712E-01   6.872E-01   9.952E-01   2.414E+00   0.000E+00   0.000E+00   0.000E+00   0.000E+00      2.210E+08   1.000E+00   1.000E+00   00000  3p2   N/A    N/A    N/A 
    1   2.242060E+03   2.183730E-02   8.967E+14   1.178E+35   4.955E-01      8.642E-01   6.783E-01   9.856E-01   2.394E+00   0.000E+00   0.000E+00   0.000E+00   0.000E+00      2.442E+08   1.000E+00   1.000E+00   00000  3p2   N/A    N/A    N/A 
    2   2.824819E+03   4.293985E-02   8.808E+14   1.121E+35   4.878E-01      8.600E-01   6.730E-01   9.799E-01   2.381E+00   0.000E+00   0.000E+00   0.000E+00   0.000E+00      2.588E+08   1.000E+00   1.000E+00   00000  3p2   N/A    N/A    N/A 
    3   3.233611E+03   6.395904E-02   8.674E+14   1.075E+35   4.813E-01      8.564E-01   6.684E-01   9.750E-01   2.371E+00   0.000E+00   0.000E+00   0.000E+00   0.000E+00      2.718E+08   1.000E+00   1.000E+00   00000  3p2   N/A    N/A    N/A 
    4   3.559049E+03   8.494534E-02   8.553E+14   1.034E+35   4.754E-01      8.532E-01   6.643E-01   9.706E-01   2.361E+00   0.000E+00   0.000E+00   0.000E+00   0.000E+00      2.839E+08   1.000E+00   1.000E+00   00000  3p2   N/A    N/A    N/A 
    5   3.833869E+03   1.040785E-01   8.447E+14   9.990E+34   4.702E-01      8.503E-01   6.606E-01   9.666E-01   2.352E+00   0.000E+00   0.000E+00   0.000E+00   0.000E+00      2.950E+08   1.000E+00   1.000E+00   00000  3p2   N/A    N/A    N/A 
    6   4.074094E+03   1.254089E-01   8.341E+14   9.649E+34   4.649E-01      8.474E-01   6.569E-01   9.626E-01   2.344E+00   0.000E+00   0.000E+00   0.000E+00   0.000E+00      3.065E+08   1.000E+00   1.000E+00   00000  3p2   N/A    N/A    N/A 
    7   4.288907E+03   1.446274E-01   8.245E+14   9.343E+34   4.602E-01      8.448E-01   6.535E-01   9.590E-01   2.336E+00   0.000E+00   0.000E+00   0.000E+00   0.000E+00      3.171E+08   1.000E+00   1.000E+00   00000  3p2   N/A    N/A    N/A 
    8   4.484121E+03   1.639541E-01   8.154E+14   9.055E+34   4.557E-01      8.423E-01   6.502E-01   9.555E-01   2.328E+00   0.000E+00   0.000E+00   0.000E+00   0.000E+00      3.277E+08   1.000E+00   1.000E+00   00000  3p2   N/A    N/A    N/A 
    9   4.663674E+03   1.842286E-01   8.062E+14   8.777E+34   4.511E-01      8.397E-01   6.469E-01   9.520E-01   2.320E+00   0.000E+00   0.000E+00   0.000E+00   0.000E+00      3.384E+08   1.000E+00   1.000E+00   00000  3p2   N/A    N/A    N/A 
   10   4.830372E+03   2.030516E-01   7.978E+14   8.519E+34   4.469E-01      8.373E-01   6.438E-01   9.487E-01   2.313E+00   0.000E+00   0.000E+00   0.000E+00   0.000E+00      3.488E+08   1.000E+00   1.000E+00   00000  3p2   N/A    N/A    N/A 
   11   4.986298E+03   2.206581E-01   7.898E+14   8.278E+34   4.429E-01      8.351E-01   6.408E-01   9.456E-01   2.306E+00   0.000E+00   0.000E+00   0.000E+00   0.000E+00      3.586E+08   1.000E+00   1.000E+00   00000  3p2   N/A    N/A    N/A 
   12   5.133037E+03   2.401625E-01   7.816E+14   8.041E+34   4.387E-01      8.327E-01   6.377E-01   9.423E-01   2.299E+00   0.000E+00   0.000E+00   0.000E+00   0.000E+00      3.691E+08   1.000E+00   1.000E+00   00000  3p2   N/A    N/A    N/A 
   13   5.271834E+03   2.595011E-01   7.735E+14   7.813E+34   4.347E-01      8.304E-01   6.347E-01   9.392E-01   2.292E+00   0.000E+00   0.000E+00   0.000E+00   0.000E+00      3.796E+08   1.000E+00   1.000E+00   00000  3p2   N/A    N/A    N/A 
   14   5.403685E+03   2.778718E-01   7.659E+14   7.596E+34   4.308E-01      8.282E-01   6.318E-01   9.361E-01   2.285E+00   0.000E+00   0.000E+00   0.000E+00   0.000E+00      3.898E+08   1.000E+00   1.000E+00   00000  3p2   N/A    N/A    N/A 
   15   5.529396E+03   2.953871E-01   7.586E+14   7.390E+34   4.271E-01      8.260E-01   6.290E-01   9.331E-01   2.279E+00   0.000E+00   0.000E+00   0.000E+00   0.000E+00      3.997E+08   1.000E+00   1.000E+00   00000  3p2   N/A    N/A    N/A 
   16   5.649638E+03   3.121404E-01   7.517E+14   7.192E+34   4.236E-01      8.240E-01   6.263E-01   9.303E-01   2.273E+00   0.000E+00   0.000E+00   0.000E+00   0.000E+00      4.093E+08   1.000E+00   1.000E+00   00000  3p2   N/A    N/A    N/A 
   17   5.764968E+03   3.304235E-01   7.444E+14   6.998E+34   4.199E-01      8.218E-01   6.234E-01   9.273E-01   2.266E+00   0.000E+00   0.000E+00   0.000E+00   0.000E+00      4.197E+08   1.000E+00   1.000E+00   00000  3p2   N/A    N/A    N/A 
   18   5.875860E+03   3.489696E-01   7.371E+14   6.809E+34   4.161E-01      8.196E-01   6.205E-01   9.243E-01   2.259E+00   0.000E+00   0.000E+00   0.000E+00   0.000E+00      4.302E+08   1.000E+00   1.000E+00   00000  3p2   N/A    N/A    N/A 
   19   5.982717E+03   3.668408E-01   7.301E+14   6.627E+34   4.125E-01      8.175E-01   6.177E-01   9.213E-01   2.253E+00   0.000E+00   0.000E+00   0.000E+00   0.000E+00      4.405E+08   1.000E+00   1.000E+00   00000  3p2   N/A    N/A    N/A 
   20   6.085888E+03   3.840955E-01   7.233E+14   6.452E+34   4.090E-01      8.154E-01   6.150E-01   9.185E-01   2.246E+00   0.000E+00   0.000E+00   0.000E+00   0.000E+00      4.506E+08   1.000E+00   1.000E+00   00000  3p2   N/A    N/A    N/A 
   21   6.185674E+03   4.007842E-01   7.167E+14   6.282E+34   4.057E-01      8.134E-01   6.123E-01   9.157E-01   2.240E+00   0.000E+00   0.000E+00   0.000E+00   0.000E+00      4.606E+08   1.000E+00   1.000E+00   00000  3p2   N/A    N/A    N/A 
   22   6.282341E+03   4.169512E-01   7.104E+14   6.118E+34   4.024E-01      8.114E-01   6.097E-01   9.129E-01   2.234E+00   0.000E+00   0.000E+00   0.000E+00   0.000E+00      4.703E+08   1.000E+00   1.000E+00   00000  3p2   N/A    N/A    N/A 
   23   6.376122E+03   4.326354E-01   7.042E+14   5.958E+34   3.992E-01      8.095E-01   6.071E-01   9.103E-01   2.228E+00   0.000E+00   0.000E+00   0.000E+00   0.000E+00      4.800E+08   1.000E+00   1.000E+00   00000  3p2   N/A    N/A    N/A 
   24   6.467221E+03   4.501797E-01   6.975E+14   5.802E+34   3.957E-01      8.074E-01   6.043E-01   9.074E-01   2.222E+00   0.000E+00   0.000E+00   0.000E+00   0.000E+00      4.906E+08   1.000E+00   1.000E+00   00000  3p2   N/A    N/A    N/A 
   25   6.555824E+03   4.673953E-01   6.909E+14   5.651E+34   3.923E-01      8.053E-01   6.015E-01   9.045E-01   2.216E+00   0.000E+00   0.000E+00   0.000E+00   0.000E+00      5.012E+08   1.000E+00   1.000E+00   00000  3p2   N/A    N/A    N/A 
   26   6.642095E+03   4.841579E-01   6.845E+14   5.503E+34   3.889E-01      8.033E-01   5.988E-01   9.016E-01   2.209E+00   0.000E+00   0.000E+00   0.000E+00   0.000E+00      5.117E+08   1.000E+00   1.000E+00   00000  3p2   N/A    N/A    N/A 
   27   6.726181E+03   5.004959E-01   6.783E+14   5.360E+34   3.857E-01      8.012E-01   5.961E-01   8.988E-01   2.203E+00   0.000E+00   0.000E+00   0.000E+00   0.000E+00      5.220E+08   1.000E+00   1.000E+00   00000  3p2   N/A    N/A    N/A 
   28   6.808216E+03   5.164353E-01   6.722E+14   5.219E+34   3.825E-01      7.993E-01   5.934E-01   8.961E-01   2.197E+00   0.000E+00   0.000E+00   0.000E+00   0.000E+00      5.322E+08   1.000E+00   1.000E+00   00000  3p2   N/A    N/A    N/A 
   29   6.888320E+03   5.319995E-01   6.663E+14   5.083E+34   3.794E-01      7.973E-01   5.908E-01   8.934E-01   2.191E+00   0.000E+00   0.000E+00   0.000E+00   0.000E+00      5.423E+08   1.000E+00   1.000E+00   00000  3p2   N/A    N/A    N/A 
   30   6.966603E+03   5.472100E-01   6.604E+14   4.949E+34   3.763E-01      7.954E-01   5.882E-01   8.907E-01   2.185E+00   0.000E+00   0.000E+00   0.000E+00   0.000E+00      5.523E+08   1.000E+00   1.000E+00   00000  3p2   N/A    N/A    N/A 
   31   7.043165E+03   5.620861E-01   6.548E+14   4.818E+34   3.733E-01      7.935E-01   5.856E-01   8.881E-01   2.180E+00   0.000E+00   0.000E+00   0.000E+00   0.000E+00      5.621E+08   1.000E+00   1.000E+00   00000  3p2   N/A    N/A    N/A 
   32   7.118098E+03   5.772928E-01   6.489E+14   4.691E+34   3.702E-01      7.915E-01   5.829E-01   8.853E-01   2.174E+00   0.000E+00   0.000E+00   0.000E+00   0.000E+00      5.723E+08   1.000E+00   1.000E+00   00000  3p2   N/A    N/A    N/A 
   33   7.191486E+03   5.932533E-01   6.428E+14   4.569E+34   3.670E-01      7.894E-01   5.801E-01   8.825E-01   2.167E+00   0.000E+00   0.000E+00   0.000E+00   0.000E+00      5.831E+08   1.000E+00   1.000E+00   00000  3p2   N/A    N/A    N/A 
   34   7.263405E+03   6.088945E-01   6.368E+14   4.449E+34   3.638E-01      7.874E-01   5.773E-01   8.796E-01   2.161E+00   0.000E+00   0.000E+00   0.000E+00   0.000E+00      5.938E+08   1.000E+00   1.000E+00   00000  3p2   N/A    N/A    N/A 
   35   7.333928E+03   6.242320E-01   6.309E+14   4.332E+34   3.607E-01      7.853E-01   5.745E-01   8.768E-01   2.155E+00   0.000E+00   0.000E+00   0.000E+00   0.000E+00      6.044E+08   1.000E+00   1.000E+00   00000  3p2   N/A    N/A    N/A 
   36   7.403120E+03   6.392799E-01   6.251E+14   4.217E+34   3.576E-01      7.833E-01   5.717E-01   8.740E-01   2.149E+00   0.000E+00   0.000E+00   0.000E+00   0.000E+00      6.149E+08   1.000E+00   1.000E+00   00000  3p2   N/A    N/A    N/A 
   37   7.471043E+03   6.540519E-01   6.194E+14   4.104E+34   3.545E-01      7.813E-01   5.690E-01   8.712E-01   2.143E+00   0.000E+00   0.000E+00   0.000E+00   0.000E+00      6.253E+08   1.000E+00   1.000E+00   00000  3p2   N/A    N/A    N/A 
   38   7.537752E+03   6.685599E-01   6.138E+14   3.994E+34   3.516E-01      7.793E-01   5.663E-01   8.684E-01   2.137E+00   0.000E+00   0.000E+00   0.000E+00   0.000E+00      6.355E+08   1.000E+00   1.000E+00   00000  3p2   N/A    N/A    N/A 
   39   7.603301E+03   6.828156E-01   6.083E+14   3.885E+34   3.486E-01      7.774E-01   5.636E-01   8.657E-01   2.131E+00   0.000E+00   0.000E+00   0.000E+00   0.000E+00      6.457E+08   1.000E+00   1.000E+00   00000  3p2   N/A    N/A    N/A 
   40   7.667738E+03   6.968296E-01   6.029E+14   3.777E+34   3.457E-01      7.754E-01   5.609E-01   8.630E-01   2.125E+00   0.000E+00   0.000E+00   0.000E+00   0.000E+00      6.556E+08   1.000E+00   1.000E+00   00000  3p2   N/A    N/A    N/A 
   41   7.731111E+03   7.106121E-01   5.976E+14   3.672E+34   3.429E-01      7.735E-01   5.582E-01   8.603E-01   2.119E+00   0.000E+00   0.000E+00   0.000E+00   0.000E+00      6.655E+08   1.000E+00   1.000E+00   00000  3p2   N/A    N/A    N/A 
   42   7.793461E+03   7.243154E-01   5.923E+14   3.569E+34   3.400E-01      7.716E-01   5.555E-01   8.576E-01   2.113E+00   0.000E+00   0.000E+00   0.000E+00   0.000E+00      6.754E+08   1.000E+00   1.000E+00   00000  3p2   N/A    N/A    N/A 
   43   7.854830E+03   7.386592E-01   5.865E+14   3.474E+34   3.369E-01      7.694E-01   5.525E-01   8.546E-01   2.107E+00   0.000E+00   0.000E+00   0.000E+00   0.000E+00      6.863E+08   1.000E+00   1.000E+00   00000  3p2   N/A    N/A    N/A 
   44   7.915254E+03   7.527823E-01   5.808E+14   3.379E+34   3.338E-01      7.673E-01   5.495E-01   8.516E-01   2.100E+00   0.000E+00   0.000E+00   0.000E+00   0.000E+00      6.970E+08   1.000E+00   1.000E+00   00000  3p2   N/A    N/A    N/A 
   45   7.974770E+03   7.666929E-01   5.751E+14   3.287E+34   3.308E-01      7.651E-01   5.466E-01   8.487E-01   2.094E+00   0.000E+00   0.000E+00   0.000E+00   0.000E+00      7.076E+08   1.000E+00   1.000E+00   00000  3p2   N/A    N/A    N/A 
   46   8.033410E+03   7.803990E-01   5.696E+14   3.195E+34   3.278E-01      7.630E-01   5.436E-01   8.457E-01   2.088E+00   0.000E+00   0.000E+00   0.000E+00   0.000E+00      7.181E+08   1.000E+00   1.000E+00   00000  3p2   N/A    N/A    N/A 
   47   8.091206E+03   7.939079E-01   5.641E+14   3.105E+34   3.248E-01      7.609E-01   5.406E-01   8.428E-01   2.081E+00   0.000E+00   0.000E+00   0.000E+00   0.000E+00      7.284E+08   1.000E+00   1.000E+00   00000  3p2   N/A    N/A    N/A 
   48   8.148188E+03   8.072264E-01   5.587E+14   3.016E+34   3.219E-01      7.588E-01   5.377E-01   8.398E-01   2.075E+00   0.000E+00   0.000E+00   0.000E+00   0.000E+00      7.385E+08   1.000E+00   1.000E+00   00000  3p2   N/A    N/A    N/A 
   49   8.204384E+03   8.203612E-01   5.534E+14   2.929E+34   3.190E-01      7.567E-01   5.347E-01   8.369E-01   2.069E+00   0.000E+00   0.000E+00   0.000E+00   0.000E+00      7.485E+08   1.000E+00   1.000E+00   00000  3p2   N/A    N/A    N/A 
   50   8.259821E+03   8.333185E-01   5.482E+14   2.842E+34   3.161E-01      7.547E-01   5.318E-01   8.340E-01   2.063E+00   0.000E+00   0.000E+00   0.000E+00   0.000E+00      7.584E+08   1.000E+00   1.000E+00   00000  3p2   N/A    N/A    N/A 
   51   8.314524E+03   8.461043E-01   5.430E+14   2.757E+34   3.133E-01      7.526E-01   5.288E-01   8.312E-01   2.057E+00   0.000E+00   0.000E+00   0.000E+00   0.000E+00      7.681E+08   1.000E+00   1.000E+00   00000  3p2   N/A    N/A    N/A 
   52   8.368515E+03   8.587239E-01   5.379E+14   2.673E+34   3.105E-01      7.505E-01   5.259E-01   8.283E-01   2.051E+00   0.000E+00   0.000E+00   0.000E+00   0.000E+00      7.776E+08   1.000E+00   1.000E+00   00000  3p2   N/A    N/A    N/A 
   53   8.421819E+03   8.711827E-01   5.328E+14   2.589E+34   3.077E-01      7.485E-01   5.230E-01   8.254E-01   2.045E+00   0.000E+00   0.000E+00   0.000E+00   0.000E+00      7.869E+08   1.000E+00   1.000E+00   00000  3p2   N/A    N/A    N/A 
   54   8.474457E+03   8.837488E-01   5.274E+14   2.513E+34   3.047E-01      7.462E-01   5.197E-01   8.223E-01   2.038E+00   0.000E+00   0.000E+00   0.000E+00   0.000E+00      7.970E+08   1.000E+00   1.000E+00   00000  3p2   N/A    N/A    N/A 
   55   8.526449E+03   8.962682E-01   5.218E+14   2.439E+34   3.017E-01      7.439E-01   5.164E-01   8.190E-01   2.031E+00   0.000E+00   0.000E+00   0.000E+00   0.000E+00      8.072E+08   1.000E+00   1.000E+00   00000  3p2   N/A    N/A    N/A 
   56   8.577815E+03   9.086368E-01   5.163E+14   2.367E+34   2.986E-01      7.416E-01   5.130E-01   8.158E-01   2.025E+00   0.000E+00   0.000E+00   0.000E+00   0.000E+00      8.172E+08   1.000E+00   1.000E+00   00000  3p2   N/A    N/A    N/A 
   57   8.628572E+03   9.208590E-01   5.108E+14   2.295E+34   2.956E-01      7.392E-01   5.097E-01   8.125E-01   2.018E+00   0.000E+00   0.000E+00   0.000E+00   0.000E+00      8.270E+08   1.000E+00   1.000E+00   00000  3p2   N/A    N/A    N/A 
   58   8.678739E+03   9.329390E-01   5.054E+14   2.224E+34   2.926E-01      7.369E-01   5.063E-01   8.093E-01   2.011E+00   0.000E+00   0.000E+00   0.000E+00   0.000E+00      8.366E+08   1.000E+00   1.000E+00   00000  3p2   N/A    N/A    N/A 
   59   8.728333E+03   9.448809E-01   5.001E+14   2.154E+34   2.897E-01      7.346E-01   5.029E-01   8.060E-01   2.004E+00   0.000E+00   0.000E+00   0.000E+00   0.000E+00      8.460E+08   1.000E+00   1.000E+00   00000  3p2   N/A    N/A    N/A 
   60   8.777370E+03   9.566888E-01   4.948E+14   2.084E+34   2.868E-01      7.323E-01   4.995E-01   8.028E-01   1.998E+00   0.000E+00   0.000E+00   0.000E+00   0.000E+00      8.551E+08   7.400E+06   1.000E+00   00000  3p2   N/A    N/A    N/A 
   61   8.825864E+03   9.683661E-01   4.896E+14   2.016E+34   2.839E-01      7.300E-01   4.961E-01   7.995E-01   1.991E+00   0.000E+00   0.000E+00   0.000E+00   0.000E+00      8.640E+08   3.803E+07   1.000E+00   00000  3p2   N/A    N/A    N/A 
   62   8.873832E+03   9.799166E-01   4.845E+14   1.948E+34   2.810E-01      7.276E-01   4.927E-01   7.963E-01   1.985E+00   0.000E+00   0.000E+00   0.000E+00   0.000E+00      8.726E+08   7.796E+07   1.000E+00   00000  3p2   N/A    N/A    N/A 
   63   8.921287E+03   9.913434E-01   4.794E+14   1.881E+34   2.782E-01      7.253E-01   4.893E-01   7.930E-01   1.978E+00   0.000E+00   0.000E+00   0.000E+00   0.000E+00      8.810E+08   1.265E+08   1.000E+00   00000  3p2   N/A    N/A    N/A 
   64   8.968242E+03   1.002650E+00   4.743E+14   1.814E+34   2.754E-01      7.230E-01   4.858E-01   7.898E-01   1.971E+00   0.000E+00   0.000E+00   0.000E+00   0.000E+00      8.892E+08   1.823E+08   1.000E+00   00000  3p2   N/A    N/A    N/A 
   65   9.014710E+03   1.013839E+00   4.693E+14   1.749E+34   2.726E-01      7.207E-01   4.824E-01   7.865E-01   1.965E+00   0.000E+00   0.000E+00   0.000E+00   0.000E+00      8.971E+08   2.446E+08   1.000E+00   00000  3p2   N/A    N/A    N/A 
   66   9.060704E+03   1.024803E+00   4.638E+14   1.690E+34   2.695E-01      7.181E-01   4.784E-01   7.828E-01   1.957E+00   0.000E+00   0.000E+00   0.000E+00   0.000E+00      9.056E+08   3.208E+08   1.000E+00   00000  3p2   N/A    N/A    N/A 
   67   9.106236E+03   1.035635E+00   4.582E+14   1.634E+34   2.664E-01      7.154E-01   4.744E-01   7.791E-01   1.950E+00   0.000E+00   0.000E+00   0.000E+00   0.000E+00      9.140E+08   4.041E+08   1.000E+00   00000  3p2   N/A    N/A    N/A 
   68   9.151318E+03   1.046360E+00   4.526E+14   1.578E+34   2.632E-01      7.127E-01   4.703E-01   7.753E-01   1.942E+00   0.000E+00   0.000E+00   0.000E+00   0.000E+00      9.221E+08   4.912E+08   1.000E+00   00000  3p2   N/A    N/A    N/A 
   69   9.195958E+03   1.056980E+00   4.471E+14   1.522E+34   2.602E-01      7.100E-01   4.662E-01   7.715E-01   1.935E+00   0.000E+00   0.000E+00   0.000E+00   0.000E+00      9.298E+08   5.804E+08   1.000E+00   00000  3p2   N/A    N/A    N/A 
   70   9.240170E+03   1.067498E+00   4.416E+14   1.467E+34   2.571E-01      7.073E-01   4.621E-01   7.677E-01   1.927E+00   0.000E+00   0.000E+00   0.000E+00   0.000E+00      9.372E+08   6.701E+08   1.000E+00   00000  3p2   N/A    N/A    N/A 
   71   9.283963E+03   1.077916E+00   4.362E+14   1.413E+34   2.541E-01      7.046E-01   4.579E-01   7.639E-01   1.920E+00   0.000E+00   0.000E+00   0.000E+00   0.000E+00      9.441E+08   7.584E+08   1.000E+00   00000  3p2   N/A    N/A    N/A 
   72   9.327347E+03   1.088237E+00   4.309E+14   1.359E+34   2.510E-01      7.018E-01   4.537E-01   7.601E-01   1.912E+00   0.000E+00   0.000E+00   0.000E+00   0.000E+00      9.507E+08   8.436E+08   1.000E+00   00000  3p2   N/A    N/A    N/A 
   73   9.370331E+03   1.098462E+00   4.256E+14   1.306E+34   2.480E-01      6.991E-01   4.495E-01   7.562E-01   1.905E+00   0.000E+00   0.000E+00   0.000E+00   0.000E+00      9.570E+08   9.243E+08   1.000E+00   00000  3p2   N/A    N/A    N/A 
   74   9.412924E+03   1.108595E+00   4.203E+14   1.253E+34   2.451E-01      6.963E-01   4.452E-01   7.523E-01   1.897E+00   0.000E+00   0.000E+00   0.000E+00   0.000E+00      9.628E+08   1.000E+09   1.000E+00   00000  3p2   N/A    N/A    N/A 
   75   9.455135E+03   1.118637E+00   4.151E+14   1.200E+34   2.421E-01      6.936E-01   4.408E-01   7.485E-01   1.890E+00   0.000E+00   0.000E+00   0.000E+00   0.000E+00      9.682E+08   1.072E+09   1.000E+00   00000  3p2   N/A    N/A    N/A 
   76   9.496972E+03   1.128590E+00   4.099E+14   1.148E+34   2.392E-01      6.908E-01   4.364E-01   7.446E-01   1.882E+00   0.000E+00   0.000E+00   0.000E+00   0.000E+00      9.732E+08   1.140E+09   1.000E+00   00000  3p2   N/A    N/A    N/A 
   77   9.538444E+03   1.138252E+00   4.045E+14   1.100E+34   2.361E-01      6.878E-01   4.317E-01   7.404E-01   1.874E+00   0.000E+00   0.000E+00   0.000E+00   0.000E+00      9.781E+08   1.209E+09   1.000E+00   00000  3p2   N/A    N/A    N/A 
   78   9.579559E+03   1.147539E+00   3.985E+14   1.056E+34   2.328E-01      6.845E-01   4.264E-01   7.357E-01   1.866E+00   0.000E+00   0.000E+00   0.000E+00   0.000E+00      9.829E+08   1.280E+09   1.000E+00   00000  3p2   N/A    N/A    N/A 
   79   9.620323E+03   1.156747E+00   3.926E+14   1.013E+34   2.294E-01      6.812E-01   4.211E-01   7.311E-01   1.857E+00   0.000E+00   0.000E+00   0.000E+00   0.000E+00      9.872E+08   1.348E+09   1.000E+00   00000  3p2   N/A    N/A    N/A 
   80   9.660746E+03   1.165878E+00   3.868E+14   9.701E+33   2.261E-01      6.778E-01   4.157E-01   7.264E-01   1.848E+00   0.000E+00   0.000E+00   0.000E+00   0.000E+00      9.908E+08   1.414E+09   1.000E+00   00000  3p2   N/A    N/A    N/A 
   81   9.700832E+03   1.174933E+00   3.810E+14   9.275E+33   2.228E-01      6.745E-01   4.101E-01   7.217E-01   1.839E+00   0.000E+00   0.000E+00   0.000E+00   0.000E+00      9.939E+08   1.478E+09   1.000E+00   00000  3p2   N/A    N/A    N/A 
   82   9.740590E+03   1.183914E+00   3.753E+14   8.853E+33   2.195E-01      6.711E-01   4.045E-01   7.169E-01   1.830E+00   0.000E+00   0.000E+00   0.000E+00   0.000E+00      9.963E+08   1.541E+09   1.000E+00   00000  3p2   N/A    N/A    N/A 
   83   9.780026E+03   1.192822E+00   3.696E+14   8.434E+33   2.163E-01      6.677E-01   3.988E-01   7.121E-01   1.821E+00   0.000E+00   0.000E+00   0.000E+00   0.000E+00      9.982E+08   1.603E+09   1.000E+00   00000  3p2   N/A    N/A    N/A 
   84   9.819147E+03   1.201659E+00   3.640E+14   8.018E+33   2.131E-01      6.642E-01   3.930E-01   7.072E-01   1.813E+00   0.000E+00   0.000E+00   0.000E+00   0.000E+00      9.994E+08   1.665E+09   1.000E+00   00000  3p2   N/A    N/A    N/A 
   85   9.857958E+03   1.210425E+00   3.584E+14   7.606E+33   2.099E-01      6.607E-01   3.871E-01   7.023E-01   1.804E+00   0.000E+00   0.000E+00   0.000E+00   0.000E+00      9.999E+08   1.726E+09   1.000E+00   00000  3p2   N/A    N/A    N/A 
   86   9.896466E+03   1.219124E+00   3.528E+14   7.197E+33   2.067E-01      6.572E-01   3.810E-01   6.974E-01   1.795E+00   0.000E+00   0.000E+00   0.000E+00   0.000E+00      9.999E+08   1.786E+09   1.000E+00   00000  3p2   N/A    N/A    N/A 
   87   9.934677E+03   1.227608E+00   3.471E+14   6.804E+33   2.034E-01      6.535E-01   3.746E-01   6.922E-01   1.785E+00   0.000E+00   0.000E+00   0.000E+00   0.000E+00      9.991E+08   1.849E+09   1.000E+00   00000  3p2   N/A    N/A    N/A 
   88   9.972595E+03   1.235449E+00   3.405E+14   6.467E+33   1.997E-01      6.492E-01   3.671E-01   6.862E-01   1.775E+00   0.000E+00   0.000E+00   0.000E+00   0.000E+00      9.974E+08   1.921E+09   1.000E+00   00000  3p2   N/A    N/A    N/A 
   89   1.001023E+04   1.243231E+00   3.340E+14   6.133E+33   1.959E-01      6.448E-01   3.593E-01   6.801E-01   1.764E+00   0.000E+00   0.000E+00   0.000E+00   0.000E+00      9.948E+08   1.993E+09   1.000E+00   00000  3p2   N/A    N/A    N/A 
   90   1.004758E+04   1.250954E+00   3.276E+14   5.801E+33   1.922E-01      6.404E-01   3.513E-01   6.739E-01   1.753E+00   0.000E+00   0.000E+00   0.000E+00   0.000E+00      9.911E+08   2.065E+09   1.000E+00   00000  3p2   N/A    N/A    N/A 
   91   1.008466E+04   1.258621E+00   3.212E+14   5.471E+33   1.885E-01      6.359E-01   3.431E-01   6.676E-01   1.742E+00   0.000E+00   0.000E+00   0.000E+00   0.000E+00      9.866E+08   2.138E+09   1.000E+00   00000  3p2   N/A    N/A    N/A 
   92   1.012146E+04   1.266232E+00   3.149E+14   5.144E+33   1.849E-01      6.314E-01   3.346E-01   6.613E-01   1.731E+00   0.000E+00   0.000E+00   0.000E+00   0.000E+00      9.810E+08   2.210E+09   1.000E+00   00000  3p2   N/A    N/A    N/A 
   93   1.015800E+04   1.273788E+00   3.086E+14   4.819E+33   1.813E-01      6.268E-01   3.258E-01   6.548E-01   1.720E+00   0.000E+00   0.000E+00   0.000E+00   0.000E+00      9.745E+08   2.283E+09   1.000E+00   00000  3p2   N/A    N/A    N/A 
   94   1.019428E+04   1.281290E+00   3.023E+14   4.497E+33   1.776E-01      6.221E-01   3.167E-01   6.483E-01   1.709E+00   0.000E+00   0.000E+00   0.000E+00   0.000E+00      9.671E+08   2.356E+09   1.000E+00   00000  3p2   N/A    N/A    N/A 
   95   1.023030E+04   1.288739E+00   2.961E+14   4.176E+33   1.740E-01      6.173E-01   3.072E-01   6.417E-01   1.697E+00   0.000E+00   0.000E+00   0.000E+00   0.000E+00      9.586E+08   2.428E+09   1.000E+00   00000  3p2   N/A    N/A    N/A 
   96   1.026607E+04   1.295559E+00   2.890E+14   3.897E+33   1.699E-01      6.117E-01   2.958E-01   6.340E-01   1.684E+00   0.000E+00   0.000E+00   0.000E+00   0.000E+00      9.477E+08   2.509E+09   1.000E+00   00000  3p2   N/A    N/A    N/A 
   97   1.030160E+04   1.302061E+00   2.815E+14   3.637E+33   1.656E-01      6.057E-01   2.831E-01   6.256E-01   1.670E+00   0.000E+00   0.000E+00   0.000E+00   0.000E+00      9.347E+08   2.593E+09   1.000E+00   00000  3p2   N/A    N/A    N/A 
   98   1.033688E+04   1.308519E+00   2.741E+14   3.380E+33   1.613E-01      5.995E-01   2.696E-01   6.172E-01   1.656E+00   0.000E+00   0.000E+00   0.000E+00   0.000E+00      9.202E+08   2.675E+09   1.000E+00   00000  3p2   N/A    N/A    N/A 
   99   1.037192E+04   1.314933E+00   2.667E+14   3.123E+33   1.570E-01      5.932E-01   2.553E-01   6.085E-01   1.641E+00   0.000E+00   0.000E+00   0.000E+00   0.000E+00      9.043E+08   2.754E+09   1.000E+00   00000  3p2   N/A    N/A    N/A 
  100   1.040672E+04   1.321303E+00   2.593E+14   2.869E+33   1.527E-01      5.867E-01   2.398E-01   5.998E-01   1.627E+00   0.000E+00   0.000E+00   0.000E+00   0.000E+00      8.870E+08   2.831E+09   1.000E+00   00000  3p2   N/A    N/A    N/A 
  101   1.044130E+04   1.327632E+00   2.520E+14   2.617E+33   1.485E-01      5.801E-01   2.231E-01   5.909E-01   1.612E+00   0.000E+00   0.000E+00   0.000E+00   0.000E+00      8.683E+08   2.908E+09   1.000E+00   00000  3p2   N/A    N/A    N/A 
  102   1.047564E+04   1.333918E+00   2.448E+14   2.366E+33   1.442E-01      5.733E-01   2.048E-01   5.819E-01   1.597E+00   0.000E+00   0.000E+00   0.000E+00   0.000E+00      8.482E+08   2.984E+09   1.000E+00   00000  3p2   N/A    N/A    N/A 
  103   1.050977E+04   1.339319E+00   2.360E+14   2.162E+33   1.391E-01      5.647E-01   1.795E-01   5.707E-01   1.578E+00   0.000E+00   0.000E+00   0.000E+00   0.000E+00      8.217E+08   3.078E+09   1.000E+00   00000  3p2   N/A    N/A    N/A 
  104   1.054367E+04   1.344639E+00   2.271E+14   1.961E+33   1.339E-01      5.557E-01   1.490E-01   5.593E-01   1.559E+00   0.000E+00   0.000E+00   0.000E+00   0.000E+00      7.930E+08   3.166E+09   1.000E+00   00000  3p2   N/A    N/A    N/A 
  105   1.057735E+04   1.349925E+00   2.183E+14   1.763E+33   1.288E-01      5.465E-01   1.096E-01   5.479E-01   1.539E+00   0.000E+00   0.000E+00   0.000E+00   0.000E+00      7.622E+08   3.236E+09   1.000E+00   00000  3p2   N/A    N/A    N/A 
  106   1.061083E+04   1.355177E+00   2.095E+14   1.565E+33   1.237E-01      5.369E-01   4.728E-02   5.370E-01   1.519E+00   0.000E+00   0.000E+00   0.000E+00   0.000E+00      7.296E+08   3.279E+09   1.000E+00   00000  3p2   N/A    N/A    N/A 
  107   1.064409E+04   1.360397E+00   2.009E+14   1.369E+33   1.186E-01      5.269E-01  -0.000E+00   5.269E-01   1.498E+00   0.000E+00   0.000E+00   0.000E+00   0.000E+00      6.950E+08   3.290E+09   1.000E+00   00000  3p2   N/A    N/A    N/A 
  108   1.067715E+04   1.364861E+00   1.908E+14   1.207E+33   1.127E-01      5.149E-01  -0.000E+00   5.149E-01   1.474E+00   0.000E+00   0.000E+00   0.000E+00   0.000E+00      6.532E+08   3.265E+09   1.000E+00   00000  3p2   N/A    N/A    N/A 
  109   1.071000E+04   1.369159E+00   1.806E+14   1.052E+33   1.067E-01      5.019E-01  -0.000E+00   5.019E-01   1.448E+00   0.000E+00   0.000E+00   0.000E+00   0.000E+00      6.084E+08   3.200E+09   1.000E+00   00000  3p2   N/A    N/A    N/A 
  110   1.074265E+04   1.373430E+00   1.705E+14   8.989E+32   1.007E-01      4.883E-01  -0.000E+00   4.883E-01   1.421E+00   0.000E+00   0.000E+00   0.000E+00   0.000E+00      5.622E+08   3.101E+09   1.000E+00   00000  3p2   N/A    N/A    N/A 
  111   1.077511E+04   1.377640E+00   1.600E+14   7.478E+32   9.459E-02      4.735E-01  -0.000E+00   4.735E-01   1.392E+00   0.000E+00   0.000E+00   0.000E+00   0.000E+00      5.130E+08   2.971E+09   1.000E+00   00000  3p2   N/A    N/A    N/A 
  112   1.078309E+04   1.378459E+00   1.540E+14   7.194E+32   9.103E-02      4.618E-01                           1.256E+00                                                      1.770E+09                                  1s0  875.6  232.0   32.0
  113   1.079131E+04   1.379302E+00   1.482E+14   6.901E+32   8.761E-02      4.509E-01                           1.245E+00                                                      1.912E+09                                  1s0  905.6  232.0   32.0
  114   1.079953E+04   1.380145E+00   1.426E+14   6.609E+32   8.432E-02      4.405E-01                           1.233E+00                                                      2.068E+09                                  1s0  934.5  232.0   32.0
  115   1.080775E+04   1.380988E+00   1.372E+14   6.316E+32   8.115E-02      4.307E-01                           1.222E+00                                                      2.236E+09                                  1s0  962.3  232.0   32.0
  116   1.081596E+04   1.381832E+00   1.320E+14   6.024E+32   7.810E-02      4.205E-01                           1.210E+00                                                      2.399E+09                                  1s0  995.2  232.0   32.0
  117   1.082418E+04   1.382675E+00   1.271E+14   5.731E+32   7.517E-02      4.087E-01                           1.201E+00                                                      2.541E+09                                  1s0 1043.5  232.0   32.0
  118   1.083240E+04   1.383518E+00   1.223E+14   5.439E+32   7.235E-02      3.977E-01                           1.190E+00                                                      2.690E+09                                  1s0 1090.1  232.0   32.0
  119   1.084061E+04   1.384361E+00   1.177E+14   5.146E+32   6.963E-02      3.874E-01                           1.179E+00                                                      2.842E+09                                  1s0 1134.9  232.0   32.0
  120   1.084883E+04   1.385204E+00   1.132E+14   4.854E+32   6.702E-02      3.778E-01                           1.168E+00                                                      2.993E+09                                  1s0 1178.0  232.0   32.0
  121   1.085705E+04   1.386047E+00   1.090E+14   4.561E+32   6.451E-02      3.687E-01                           1.156E+00                                                      3.139E+09                                  1s0 1219.4  232.0   32.0
  122   1.086550E+04   1.386833E+00   1.049E+14   4.290E+32   6.209E-02      3.601E-01                           1.145E+00                                                      3.280E+09                                  1s0 1259.3  232.0   32.0
  123   1.087465E+04   1.387454E+00   1.009E+14   4.081E+32   5.976E-02      3.520E-01                           1.133E+00                                                      3.416E+09                                  1s0 1297.8  232.0   32.0
  124   1.088379E+04   1.388076E+00   9.711E+13   3.872E+32   5.752E-02      3.443E-01                           1.121E+00                                                      3.547E+09                                  1s0 1334.7  232.0   32.0
  125   1.089293E+04   1.388697E+00   9.345E+13   3.663E+32   5.536E-02      3.370E-01                           1.108E+00                                                      3.674E+09                                  1s0 1370.3  232.0   32.0
  126   1.090207E+04   1.389318E+00   8.993E+13   3.453E+32   5.329E-02      3.300E-01                           1.096E+00                                                      3.796E+09                                  1s0 1404.5  232.0   32.0
  127   1.091122E+04   1.389940E+00   8.655E+13   3.244E+32   5.129E-02      3.234E-01                           1.084E+00                                                      3.915E+09                                  1s0 1437.4  232.0   32.0
  128   1.092036E+04   1.390561E+00   8.328E+13   3.035E+32   4.937E-02      3.169E-01                           1.072E+00                                                      4.029E+09                                  1s0 1469.1  232.0   32.0
  129   1.092950E+04   1.391183E+00   8.015E+13   2.826E+32   4.752E-02      3.108E-01                           1.060E+00                                                      4.139E+09                                  1s0 1499.6  232.0   32.0
  130   1.093865E+04   1.391804E+00   7.713E+13   2.616E+32   4.573E-02      3.291E-01                           1.060E+00                                                      4.135E+09                                  1s0 1519.5  183.0   40.0
  131   1.094676E+04   1.392284E+00   7.422E+13   2.457E+32   4.401E-02      3.236E-01                           1.047E+00                                                      4.247E+09                                  1s0 1538.6  183.0   40.0
  132   1.095396E+04   1.392635E+00   7.142E+13   2.342E+32   4.236E-02      3.182E-01                           1.034E+00                                                      4.353E+09                                  1s0 1556.9  183.0   40.0
  133   1.096116E+04   1.392986E+00   6.873E+13   2.227E+32   4.077E-02      3.130E-01                           1.022E+00                                                      4.453E+09                                  1s0 1574.5  183.0   40.0
  134   1.096835E+04   1.393338E+00   6.614E+13   2.111E+32   3.923E-02      3.079E-01                           1.009E+00                                                      4.548E+09                                  1s0 1591.5  183.0   40.0
  135   1.097555E+04   1.393689E+00   6.365E+13   1.996E+32   3.776E-02      3.030E-01                           9.969E-01                                                      4.637E+09                                  1s0 1607.8  183.0   40.0
  136   1.098275E+04   1.394040E+00   6.125E+13   1.881E+32   3.634E-02      2.982E-01                           9.847E-01                                                      4.720E+09                                  1s0 1623.5  183.0   40.0
  137   1.098994E+04   1.394391E+00   5.894E+13   1.766E+32   3.497E-02      2.935E-01                           9.725E-01                                                      4.798E+09                                  1s0 1638.7  183.0   40.0
  138   1.099714E+04   1.394743E+00   5.672E+13   1.651E+32   3.366E-02      2.889E-01                           9.606E-01                                                      4.869E+09                                  1s0 1653.2  183.0   40.0
  139   1.100434E+04   1.395094E+00   5.459E+13   1.536E+32   3.239E-02      2.844E-01                           9.487E-01                                                      4.934E+09                                  1s0 1667.2  183.0   40.0
  140   1.101110E+04   1.395393E+00   5.253E+13   1.439E+32   3.118E-02      2.801E-01                           9.370E-01                                                      4.994E+09                                  1s0 1680.7  183.0   40.0
  141   1.101712E+04   1.395602E+00   5.055E+13   1.372E+32   3.001E-02      2.758E-01                           9.254E-01                                                      5.047E+09                                  1s0 1693.7  183.0   40.0
  142   1.102314E+04   1.395811E+00   4.865E+13   1.305E+32   2.888E-02      2.717E-01                           9.139E-01                                                      5.094E+09                                  1s0 1706.1  183.0   40.0
  143   1.102916E+04   1.396020E+00   4.681E+13   1.238E+32   2.779E-02      2.676E-01                           9.026E-01                                                      5.134E+09                                  1s0 1718.2  183.0   40.0
  144   1.103518E+04   1.396229E+00   4.505E+13   1.171E+32   2.675E-02      2.636E-01                           8.914E-01                                                      5.169E+09                                  1s0 1729.7  183.0   40.0
  145   1.104120E+04   1.396438E+00   4.335E+13   1.104E+32   2.575E-02      2.597E-01                           8.803E-01                                                      5.197E+09                                  1s0 1740.8  183.0   40.0
  146   1.104722E+04   1.396647E+00   4.172E+13   1.038E+32   2.478E-02      2.559E-01                           8.693E-01                                                      5.219E+09                                  1s0 1751.5  183.0   40.0
  147   1.105324E+04   1.396856E+00   4.015E+13   9.708E+31   2.385E-02      2.521E-01                           8.585E-01                                                      5.235E+09                                  1s0 1761.8  183.0   40.0
  148   1.105926E+04   1.397065E+00   3.863E+13   9.039E+31   2.295E-02      2.485E-01                           8.478E-01                                                      5.244E+09                                  1s0 1771.7  183.0   40.0
  149   1.106510E+04   1.397258E+00   3.718E+13   8.422E+31   2.209E-02      2.449E-01                           8.372E-01                                                      5.248E+09                                  1s0 1781.3  183.0   40.0
  150   1.107008E+04   1.397380E+00   3.578E+13   8.038E+31   2.126E-02      2.414E-01                           8.268E-01                                                      5.245E+09                                  1s0 1790.5  183.0   40.0
  151   1.107507E+04   1.397503E+00   3.443E+13   7.654E+31   2.046E-02      2.379E-01                           8.165E-01                                                      5.236E+09                                  1s0 1799.3  183.0   40.0
  152   1.108005E+04   1.397626E+00   3.313E+13   7.269E+31   1.969E-02      2.543E-01                           8.040E-01                                                      5.217E+09                                  1s0 1772.4  193.0   50.0
  153   1.108504E+04   1.397748E+00   3.188E+13   6.885E+31   1.895E-02      2.525E-01                           7.932E-01                                                      5.193E+09                                  1s0 1743.4  193.0   50.0
  154   1.109003E+04   1.397871E+00   3.068E+13   6.501E+31   1.824E-02      2.506E-01                           7.826E-01                                                      5.162E+09                                  1s0 1715.4  193.0   50.0
  155   1.109501E+04   1.397993E+00   2.953E+13   6.117E+31   1.755E-02      2.487E-01                           7.722E-01                                                      5.126E+09                                  1s0 1688.6  193.0   50.0
  156   1.110000E+04   1.398116E+00   2.841E+13   5.732E+31   1.689E-02      2.469E-01                           7.618E-01                                                      5.085E+09                                  1s0 1662.7  193.0   50.0
  157   1.110498E+04   1.398238E+00   2.734E+13   5.348E+31   1.626E-02      2.449E-01                           7.517E-01                                                      5.039E+09                                  1s0 1637.8  193.0   50.0
  158   1.110997E+04   1.398361E+00   2.631E+13   4.964E+31   1.565E-02      2.430E-01                           7.416E-01                                                      4.990E+09                                  1s0 1613.9  193.0   50.0
  159   1.111421E+04   1.398438E+00   2.532E+13   4.725E+31   1.506E-02      2.411E-01                           7.317E-01                                                      4.938E+09                                  1s0 1590.8  193.0   50.0
  160   1.111838E+04   1.398510E+00   2.437E+13   4.503E+31   1.449E-02      2.392E-01                           7.220E-01                                                      4.882E+09                                  1s0 1568.7  193.0   50.0
  161   1.112254E+04   1.398582E+00   2.345E+13   4.281E+31   1.395E-02      2.372E-01                           7.124E-01                                                      4.825E+09                                  1s0 1547.3  193.0   50.0
  162   1.112670E+04   1.398654E+00   2.257E+13   4.059E+31   1.342E-02      2.352E-01                           7.029E-01                                                      4.765E+09                                  1s0 1526.8  193.0   50.0
  163   1.113086E+04   1.398726E+00   2.172E+13   3.837E+31   1.292E-02      2.333E-01                           6.935E-01                                                      4.705E+09                                  1s0 1507.0  193.0   50.0
  164   1.113502E+04   1.398799E+00   2.090E+13   3.615E+31   1.243E-02      2.313E-01                           6.843E-01                                                      4.643E+09                                  1s0 1488.0  193.0   50.0
  165   1.113918E+04   1.398871E+00   2.011E+13   3.393E+31   1.197E-02      2.293E-01                           6.752E-01                                                      4.580E+09                                  1s0 1469.7  193.0   50.0
  166   1.114334E+04   1.398943E+00   1.935E+13   3.170E+31   1.152E-02      2.273E-01                           6.662E-01                                                      4.516E+09                                  1s0 1452.1  193.0   50.0
  167   1.114750E+04   1.399015E+00   1.862E+13   2.948E+31   1.108E-02      2.253E-01                           6.573E-01                                                      4.453E+09                                  1s0 1435.1  193.0   50.0
  168   1.115123E+04   1.399069E+00   1.792E+13   2.782E+31   1.067E-02      2.233E-01                           6.486E-01                                                      4.389E+09                                  1s0 1418.8  193.0   50.0
  169   1.115466E+04   1.399111E+00   1.725E+13   2.655E+31   1.027E-02      2.213E-01                           6.400E-01                                                      4.325E+09                                  1s0 1403.1  193.0   50.0
  170   1.115809E+04   1.399153E+00   1.660E+13   2.528E+31   9.881E-03      2.192E-01                           6.315E-01                                                      4.261E+09                                  1s0 1388.0  193.0   50.0
  171   1.116151E+04   1.399194E+00   1.597E+13   2.401E+31   9.510E-03      2.172E-01                           6.232E-01                                                      4.198E+09                                  1s0 1373.5  193.0   50.0
  172   1.116494E+04   1.399236E+00   1.537E+13   2.275E+31   9.153E-03      2.152E-01                           6.149E-01                                                      4.136E+09                                  1s0 1359.5  193.0   50.0
  173   1.116836E+04   1.399278E+00   1.479E+13   2.148E+31   8.809E-03      2.134E-01                           6.118E-01                                                      4.111E+09                                  1s0 1341.9  164.0   50.0
  174   1.117179E+04   1.399320E+00   1.423E+13   2.021E+31   8.477E-03      2.121E-01                           6.034E-01                                                      4.048E+09                                  1s0 1315.5  164.0   50.0
  175   1.117522E+04   1.399361E+00   1.370E+13   1.895E+31   8.158E-03      2.108E-01                           5.952E-01                                                      3.985E+09                                  1s0 1290.1  164.0   50.0
  176   1.117864E+04   1.399403E+00   1.318E+13   1.768E+31   7.851E-03      2.094E-01                           5.871E-01                                                      3.923E+09                                  1s0 1265.7  164.0   50.0
  177   1.118199E+04   1.399443E+00   1.268E+13   1.648E+31   7.555E-03      2.080E-01                           5.791E-01                                                      3.862E+09                                  1s0 1242.1  164.0   50.0
  178   1.118476E+04   1.399466E+00   1.221E+13   1.577E+31   7.271E-03      2.067E-01                           5.712E-01                                                      3.802E+09                                  1s0 1219.5  164.0   50.0
  179   1.118753E+04   1.399489E+00   1.175E+13   1.507E+31   6.997E-03      2.053E-01                           5.634E-01                                                      3.742E+09                                  1s0 1197.7  164.0   50.0
  180   1.119029E+04   1.399513E+00   1.130E+13   1.437E+31   6.733E-03      2.039E-01                           5.557E-01                                                      3.682E+09                                  1s0 1176.7  164.0   50.0
  181   1.119306E+04   1.399536E+00   1.088E+13   1.367E+31   6.480E-03      2.024E-01                           5.481E-01                                                      3.623E+09                                  1s0 1156.5  164.0   50.0
  182   1.119583E+04   1.399560E+00   1.047E+13   1.296E+31   6.236E-03      2.010E-01                           5.406E-01                                                      3.564E+09                                  1s0 1137.1  164.0   50.0
  183   1.119859E+04   1.399583E+00   1.007E+13   1.226E+31   6.001E-03      1.995E-01                           5.332E-01                                                      3.505E+09                                  1s0 1118.4  164.0   50.0
  184   1.120136E+04   1.399607E+00   9.694E+12   1.156E+31   5.775E-03      1.981E-01                           5.260E-01                                                      3.447E+09                                  1s0 1100.4  164.0   50.0
  185   1.120412E+04   1.399630E+00   9.328E+12   1.086E+31   5.558E-03      1.965E-01                           5.194E-01                                                      3.393E+09                                  1s0 1084.4  161.0   50.0
  186   1.120689E+04   1.399653E+00   8.977E+12   1.016E+31   5.349E-03      1.949E-01                           5.124E-01                                                      3.335E+09                                  1s0 1069.0  161.0   50.0
  187   1.120949E+04   1.399674E+00   8.639E+12   9.542E+30   5.147E-03      1.934E-01                           5.054E-01                                                      3.277E+09                                  1s0 1054.2  161.0   50.0
  188   1.121163E+04   1.399686E+00   8.313E+12   9.180E+30   4.954E-03      1.918E-01                           4.986E-01                                                      3.219E+09                                  1s0 1040.0  161.0   50.0
  189   1.121376E+04   1.399698E+00   8.000E+12   8.817E+30   4.767E-03      1.902E-01                           4.919E-01                                                      3.161E+09                                  1s0 1026.3  161.0   50.0
  190   1.121589E+04   1.399710E+00   7.699E+12   8.455E+30   4.588E-03      1.886E-01                           4.852E-01                                                      3.102E+09                                  1s0 1013.1  161.0   50.0
  191   1.121803E+04   1.399723E+00   7.408E+12   8.093E+30   4.415E-03      1.870E-01                           4.787E-01                                                      3.044E+09                                  1s0 1000.4  161.0   50.0
  192   1.122016E+04   1.399735E+00   7.129E+12   7.730E+30   4.249E-03      1.853E-01                           4.722E-01                                                      2.986E+09                                  1s0  988.2  161.0   50.0
  193   1.122229E+04   1.399747E+00   6.861E+12   7.368E+30   4.089E-03      1.837E-01                           4.659E-01                                                      2.928E+09                                  1s0  976.4  161.0   50.0
  194   1.122443E+04   1.399759E+00   6.602E+12   7.006E+30   3.935E-03      1.821E-01                           4.596E-01                                                      2.871E+09                                  1s0  965.1  161.0   50.0
  195   1.122656E+04   1.399771E+00   6.353E+12   6.643E+30   3.787E-03      1.805E-01                           4.534E-01                                                      2.813E+09                                  1s0  954.2  161.0   50.0
  196   1.122869E+04   1.399784E+00   6.114E+12   6.281E+30   3.645E-03      1.796E-01                           4.473E-01                                                      2.757E+09                                  1s0  932.1  159.0   50.0
  197   1.123083E+04   1.399796E+00   5.884E+12   5.919E+30   3.508E-03      1.791E-01                           4.407E-01                                                      2.694E+09                                  1s0  903.2  159.0   50.0
  198   1.123279E+04   1.399806E+00   5.662E+12   5.619E+30   3.376E-03      1.787E-01                           4.341E-01                                                      2.632E+09                                  1s0  875.5  159.0   50.0
  199   1.123441E+04   1.399812E+00   5.449E+12   5.447E+30   3.248E-03      1.783E-01                           4.276E-01                                                      2.571E+09                                  1s0  848.7  159.0   50.0
  200   1.123603E+04   1.399818E+00   5.243E+12   5.275E+30   3.126E-03      1.778E-01                           4.211E-01                                                      2.509E+09                                  1s0  823.0  159.0   50.0
  201   1.123765E+04   1.399824E+00   5.046E+12   5.104E+30   3.008E-03      1.774E-01                           4.147E-01                                                      2.448E+09                                  1s0  798.3  159.0   50.0
  202   1.123927E+04   1.399829E+00   4.856E+12   4.932E+30   2.895E-03      1.769E-01                           4.084E-01                                                      2.388E+09                                  1s0  774.4  159.0   50.0
  203   1.124089E+04   1.399835E+00   4.673E+12   4.760E+30   2.786E-03      1.764E-01                           4.022E-01                                                      2.328E+09                                  1s0  751.5  159.0   50.0
  204   1.124251E+04   1.399841E+00   4.497E+12   4.588E+30   2.681E-03      1.759E-01                           3.960E-01                                                      2.269E+09                                  1s0  729.5  159.0   50.0
  205   1.124413E+04   1.399847E+00   4.327E+12   4.417E+30   2.580E-03      1.754E-01                           3.898E-01                                                      2.211E+09                                  1s0  708.2  159.0   50.0
  206   1.124575E+04   1.399853E+00   4.164E+12   4.245E+30   2.483E-03      1.748E-01                           3.838E-01                                                      2.153E+09                                  1s0  687.8  159.0   50.0
  207   1.124737E+04   1.399859E+00   4.007E+12   4.073E+30   2.390E-03      1.743E-01                           3.778E-01                                                      2.096E+09                                  1s0  668.2  159.0   50.0
  208   1.124899E+04   1.399864E+00   3.856E+12   3.902E+30   2.300E-03      1.737E-01                           3.719E-01                                                      2.039E+09                                  1s0  649.2  159.0   50.0
  209   1.125061E+04   1.399870E+00   3.711E+12   3.730E+30   2.213E-03      1.732E-01                           3.660E-01                                                      1.984E+09                                  1s0  631.0  159.0   50.0
  210   1.125223E+04   1.399876E+00   3.571E+12   3.558E+30   2.130E-03      1.726E-01                           3.602E-01                                                      1.929E+09                                  1s0  613.5  159.0   50.0
  211   1.125378E+04   1.399881E+00   3.437E+12   3.415E+30   2.050E-03      1.720E-01                           3.544E-01                                                      1.875E+09                                  1s0  596.7  159.0   50.0
  212   1.125520E+04   1.399884E+00   3.307E+12   3.325E+30   1.973E-03      1.714E-01                           3.487E-01                                                      1.822E+09                                  1s0  580.4  159.0   50.0
  213   1.125662E+04   1.399887E+00   3.183E+12   3.235E+30   1.898E-03      1.707E-01                           3.431E-01                                                      1.769E+09                                  1s0  564.8  159.0   50.0
  214   1.125804E+04   1.399890E+00   3.063E+12   3.144E+30   1.827E-03      1.701E-01                           3.375E-01                                                      1.718E+09                                  1s0  549.8  159.0   50.0
  215   1.125946E+04   1.399893E+00   2.947E+12   3.054E+30   1.758E-03      1.694E-01                           3.320E-01                                                      1.668E+09                                  1s0  535.4  159.0   50.0
  216   1.126088E+04   1.399896E+00   2.836E+12   2.964E+30   1.692E-03      1.687E-01                           3.266E-01                                                      1.618E+09                                  1s0  521.4  159.0   50.0
  217   1.126230E+04   1.399899E+00   2.729E+12   2.873E+30   1.628E-03      1.680E-01                           3.212E-01                                                      1.570E+09                                  1s0  508.1  159.0   50.0
  218   1.126372E+04   1.399903E+00   2.626E+12   2.783E+30   1.567E-03      1.554E-01                           3.284E-01                                                      1.635E+09                                  1s0  494.2  117.0   40.0
  219   1.126514E+04   1.399906E+00   2.528E+12   2.693E+30   1.508E-03      1.550E-01                           3.232E-01                                                      1.588E+09                                  1s0  479.3  117.0   40.0
  220   1.126656E+04   1.399909E+00   2.432E+12   2.602E+30   1.451E-03      1.546E-01                           3.180E-01                                                      1.542E+09                                  1s0  464.9  117.0   40.0
  221   1.126798E+04   1.399912E+00   2.341E+12   2.512E+30   1.397E-03      1.542E-01                           3.129E-01                                                      1.496E+09                                  1s0  451.1  117.0   40.0
  222   1.126939E+04   1.399915E+00   2.252E+12   2.422E+30   1.344E-03      1.538E-01                           3.078E-01                                                      1.452E+09                                  1s0  437.8  117.0   40.0
  223   1.127081E+04   1.399918E+00   2.168E+12   2.332E+30   1.294E-03      1.533E-01                           3.028E-01                                                      1.408E+09                                  1s0  424.9  117.0   40.0
  224   1.127223E+04   1.399921E+00   2.086E+12   2.241E+30   1.245E-03      1.529E-01                           2.978E-01                                                      1.366E+09                                  1s0  412.6  117.0   40.0
  225   1.127365E+04   1.399924E+00   2.007E+12   2.151E+30   1.198E-03      1.524E-01                           2.929E-01                                                      1.324E+09                                  1s0  400.8  117.0   40.0
  226   1.127509E+04   1.399927E+00   1.932E+12   2.080E+30   1.153E-03      1.519E-01                           2.880E-01                                                      1.283E+09                                  1s0  389.4  117.0   40.0
  227   1.127654E+04   1.399928E+00   1.859E+12   2.031E+30   1.110E-03      1.514E-01                           2.831E-01                                                      1.243E+09                                  1s0  378.4  117.0   40.0
  228   1.127799E+04   1.399930E+00   1.789E+12   1.982E+30   1.068E-03      1.509E-01                           2.783E-01                                                      1.203E+09                                  1s0  367.8  117.0   40.0
  229   1.127944E+04   1.399932E+00   1.721E+12   1.933E+30   1.028E-03      1.504E-01                           2.736E-01                                                      1.165E+09                                  1s0  357.6  117.0   40.0
  230   1.128089E+04   1.399933E+00   1.657E+12   1.884E+30   9.890E-04      1.499E-01                           2.689E-01                                                      1.126E+09                                  1s0  347.9  117.0   40.0
  231   1.128234E+04   1.399935E+00   1.594E+12   1.834E+30   9.518E-04      1.493E-01                           2.642E-01                                                      1.089E+09                                  1s0  338.4  117.0   40.0
  232   1.128379E+04   1.399937E+00   1.534E+12   1.785E+30   9.160E-04      1.488E-01                           2.596E-01                                                      1.052E+09                                  1s0  329.4  117.0   40.0
  233   1.128524E+04   1.399939E+00   1.476E+12   1.736E+30   8.816E-04      1.482E-01                           2.550E-01                                                      1.016E+09                                  1s0  320.6  117.0   40.0
  234   1.128669E+04   1.399940E+00   1.421E+12   1.687E+30   8.484E-04      1.476E-01                           2.509E-01                                                      9.839E+08                                  1s0  312.3  116.0   40.0
  235   1.128814E+04   1.399942E+00   1.367E+12   1.638E+30   8.165E-04      1.470E-01                           2.464E-01                                                      9.489E+08                                  1s0  304.3  116.0   40.0
  236   1.128959E+04   1.399944E+00   1.316E+12   1.589E+30   7.858E-04      1.464E-01                           2.420E-01                                                      9.145E+08                                  1s0  296.6  116.0   40.0
  237   1.129104E+04   1.399945E+00   1.266E+12   1.539E+30   7.562E-04      1.458E-01                           2.376E-01                                                      8.805E+08                                  1s0  289.2  116.0   40.0
  238   1.129249E+04   1.399947E+00   1.218E+12   1.490E+30   7.278E-04      1.451E-01                           2.332E-01                                                      8.470E+08                                  1s0  282.1  116.0   40.0
  239   1.129394E+04   1.399949E+00   1.172E+12   1.441E+30   7.004E-04      1.445E-01                           2.289E-01                                                      8.139E+08                                  1s0  275.2  116.0   40.0
  240   1.129539E+04   1.399950E+00   1.128E+12   1.392E+30   6.741E-04      1.438E-01                           2.247E-01                                                      7.812E+08                                  1s0  268.6  116.0   40.0
  241   1.129684E+04   1.399952E+00   1.086E+12   1.343E+30   6.487E-04      1.431E-01                           2.204E-01                                                      7.490E+08                                  1s0  262.2  116.0   40.0
  242   1.129860E+04   1.399954E+00   1.045E+12   1.302E+30   6.244E-04      1.424E-01                           2.163E-01                                                      7.171E+08                                  1s0  256.1  116.0   40.0
  243   1.130052E+04   1.399955E+00   1.005E+12   1.266E+30   6.009E-04      1.417E-01                           2.121E-01                                                      6.855E+08                                  1s0  250.2  116.0   40.0
  244   1.130243E+04   1.399956E+00   9.676E+11   1.229E+30   5.783E-04      1.410E-01                           2.080E-01                                                      6.543E+08                                  1s0  244.6  116.0   40.0
  245   1.130435E+04   1.399957E+00   9.311E+11   1.193E+30   5.565E-04      1.402E-01                           2.040E-01                                                      6.234E+08                                  1s0  239.1  116.0   40.0
  246   1.130627E+04   1.399959E+00   8.961E+11   1.156E+30   5.355E-04      1.395E-01                           1.999E-01                                                      5.929E+08                                  1s0  233.9  116.0   40.0
  247   1.130819E+04   1.399960E+00   8.623E+11   1.119E+30   5.154E-04      1.387E-01                           1.960E-01                                                      5.626E+08                                  1s0  228.8  116.0   40.0
  248   1.131011E+04   1.399961E+00   8.298E+11   1.083E+30   4.959E-04      1.379E-01                           1.920E-01                                                      5.327E+08                                  1s0  224.0  116.0   40.0
  249   1.131203E+04   1.399963E+00   7.985E+11   1.046E+30   4.773E-04      1.371E-01                           1.881E-01                                                      5.032E+08                                  1s0  219.3  116.0   40.0
  250   1.131394E+04   1.399964E+00   7.685E+11   1.010E+30   4.593E-04      1.363E-01                           1.843E-01                                                      4.742E+08                                  1s0  214.8  116.0   40.0
  251   1.131586E+04   1.399965E+00   7.395E+11   9.733E+29   4.420E-04      1.355E-01                           1.804E-01                                                      4.458E+08                                  1s0  210.5  116.0   40.0
  252   1.131778E+04   1.399966E+00   7.116E+11   9.368E+29   4.254E-04      1.347E-01                           1.767E-01                                                      4.179E+08                                  1s0  206.3  116.0   40.0
  253   1.131970E+04   1.399968E+00   6.848E+11   9.003E+29   4.093E-04      1.338E-01                           1.729E-01                                                      3.906E+08                                  1s0  202.3  116.0   40.0
  254   1.132162E+04   1.399969E+00   6.590E+11   8.637E+29   3.939E-04      1.330E-01                           1.692E-01                                                      3.638E+08                                  1s0  198.4  116.0   40.0
  255   1.132354E+04   1.399970E+00   6.342E+11   8.272E+29   3.791E-04      1.322E-01                           1.655E-01                                                      3.374E+08                                  1s0  194.5  116.0   40.0
  256   1.132519E+04   1.399971E+00   6.103E+11   8.074E+29   3.648E-04      1.313E-01                           1.618E-01                                                      3.118E+08                                  1s0  190.8  116.0   40.0
  257   1.132677E+04   1.399971E+00   5.873E+11   7.927E+29   3.511E-04      1.305E-01                           1.581E-01                                                      2.869E+08                                  1s0  187.2  116.0   40.0
  258   1.132834E+04   1.399972E+00   5.652E+11   7.780E+29   3.379E-04      1.296E-01                           1.545E-01                                                      2.628E+08                                  1s0  183.8  116.0   40.0
  259   1.132992E+04   1.399972E+00   5.439E+11   7.633E+29   3.252E-04      1.287E-01                           1.509E-01                                                      2.395E+08                                  1s0  180.5  116.0   40.0
  260   1.133150E+04   1.399973E+00   5.234E+11   7.486E+29   3.130E-04      1.287E-01                           1.457E-01                                                      2.064E+08                                  1s0  174.1  116.0   40.0
  261   1.133307E+04   1.399973E+00   5.037E+11   7.339E+29   3.012E-04      1.287E-01                           1.399E-01                                                      1.719E+08                                  1s0  167.4  116.0   40.0
  262   1.133465E+04   1.399974E+00   4.847E+11   7.192E+29   2.899E-04      1.287E-01                           1.338E-01                                                      1.379E+08                                  1s0  160.9  116.0   40.0
  263   1.133622E+04   1.399974E+00   4.664E+11   7.044E+29   2.790E-04      1.288E-01                           1.274E-01                                                      1.046E+08                                  1s0  154.7  116.0   40.0
  264   1.133780E+04   1.399975E+00   4.488E+11   6.897E+29   2.685E-04      1.288E-01                           1.205E-01                                                      7.237E+07                                  1s0  148.8  116.0   40.0
  265   1.133938E+04   1.399976E+00   4.319E+11   6.750E+29   2.584E-04      1.289E-01                           1.131E-01                                                      4.172E+07                                  1s0  143.0  116.0   40.0
  266   1.134095E+04   1.399976E+00   4.157E+11   6.603E+29   2.487E-04      1.289E-01                           1.048E-01                                                      1.351E+07                                  1s0  137.5  116.0   40.0
  267   1.134253E+04   1.399977E+00   4.000E+11   6.456E+29   2.394E-04      1.290E-01                           9.542E-02                                                      8.963E+03                                  1s0  132.2  116.0   40.0
  268   1.134411E+04   1.399977E+00   3.849E+11   6.309E+29   2.304E-04      1.280E-01                                                                                                                                          130.0  130.0   40.0
  269   1.134568E+04   1.399978E+00   3.704E+11   6.161E+29   2.217E-04      1.264E-01                                                                                                                                          130.0  130.0   40.0
  270   1.134726E+04   1.399978E+00   3.564E+11   6.014E+29   2.133E-04      1.248E-01                                                                                                                                          130.0  130.0   40.0
  271   1.134884E+04   1.399979E+00   3.430E+11   5.867E+29   2.053E-04      1.232E-01                                                                                                                                          130.0  130.0   40.0
  272   1.135041E+04   1.399979E+00   3.301E+11   5.720E+29   1.975E-04      1.216E-01                                                                                                                                          130.0  130.0   40.0
  273   1.135199E+04   1.399980E+00   3.176E+11   5.573E+29   1.901E-04      1.214E-01                                                                                                                                           88.0   88.0   28.0
  274   1.135514E+04   1.399980E+00   3.057E+11   5.380E+29   1.830E-04      1.199E-01                                                                                                                                           88.0   88.0   28.0
  275   1.135855E+04   1.399981E+00   2.941E+11   5.180E+29   1.761E-04      1.184E-01                                                                                                                                           88.0   88.0   28.0
  276   1.136195E+04   1.399982E+00   2.831E+11   4.980E+29   1.695E-04      1.169E-01                                                                                                                                           88.0   88.0   28.0
  277   1.136536E+04   1.399983E+00   2.724E+11   4.781E+29   1.631E-04      1.154E-01                                                                                                                                           88.0   88.0   28.0
  278   1.136877E+04   1.399983E+00   2.621E+11   4.581E+29   1.570E-04      1.148E-01                                                                                                                                           86.0   86.0   28.0
  279   1.137217E+04   1.399984E+00   2.522E+11   4.381E+29   1.511E-04      1.133E-01                                                                                                                                           86.0   86.0   28.0
  280   1.137558E+04   1.399985E+00   2.427E+11   4.181E+29   1.454E-04      1.119E-01                                                                                                                                           86.0   86.0   28.0
  281   1.137898E+04   1.399985E+00   2.336E+11   3.981E+29   1.399E-04      1.105E-01                                                                                                                                           86.0   86.0   28.0
  282   1.138239E+04   1.399986E+00   2.248E+11   3.781E+29   1.346E-04      1.091E-01                                                                                                                                           86.0   86.0   28.0
  283   1.138580E+04   1.399987E+00   2.163E+11   3.582E+29   1.295E-04      1.077E-01                                                                                                                                           86.0   86.0   28.0
  284   1.138920E+04   1.399988E+00   2.081E+11   3.382E+29   1.246E-04      1.063E-01                                                                                                                                           86.0   86.0   28.0
  285   1.139249E+04   1.399988E+00   2.003E+11   3.229E+29   1.200E-04      1.058E-01                                                                                                                                           84.0   84.0   28.0
  286   1.139570E+04   1.399989E+00   1.927E+11   3.106E+29   1.155E-04      1.045E-01                                                                                                                                           84.0   84.0   28.0
  287   1.139891E+04   1.399989E+00   1.855E+11   2.983E+29   1.111E-04      1.031E-01                                                                                                                                           84.0   84.0   28.0
  288   1.140212E+04   1.399989E+00   1.785E+11   2.861E+29   1.069E-04      1.018E-01                                                                                                                                           84.0   84.0   28.0
  289   1.140533E+04   1.399990E+00   1.718E+11   2.738E+29   1.029E-04      1.005E-01                                                                                                                                           84.0   84.0   28.0
  290   1.140855E+04   1.399990E+00   1.653E+11   2.615E+29   9.902E-05      9.924E-02                                                                                                                                           84.0   84.0   28.0
  291   1.141176E+04   1.399991E+00   1.591E+11   2.492E+29   9.530E-05      9.798E-02                                                                                                                                           84.0   84.0   28.0
  292   1.141497E+04   1.399991E+00   1.531E+11   2.369E+29   9.171E-05      9.673E-02                                                                                                                                           84.0   84.0   28.0
  293   1.141818E+04   1.399992E+00   1.473E+11   2.247E+29   8.827E-05      9.551E-02                                                                                                                                           84.0   84.0   28.0
  294   1.142139E+04   1.399992E+00   1.417E+11   2.124E+29   8.495E-05      9.429E-02                                                                                                                                           84.0   84.0   28.0
  295   1.142460E+04   1.399993E+00   1.364E+11   2.001E+29   8.175E-05      9.385E-02                                                                                                                                           82.0   82.0   28.0
  296   1.142761E+04   1.399993E+00   1.313E+11   1.908E+29   7.868E-05      9.266E-02                                                                                                                                           82.0   82.0   28.0
  297   1.143047E+04   1.399993E+00   1.263E+11   1.838E+29   7.572E-05      9.148E-02                                                                                                                                           82.0   82.0   28.0
  298   1.143333E+04   1.399993E+00   1.215E+11   1.768E+29   7.288E-05      9.032E-02                                                                                                                                           82.0   82.0   28.0
  299   1.143619E+04   1.399994E+00   1.170E+11   1.698E+29   7.014E-05      8.918E-02                                                                                                                                           82.0   82.0   28.0
  300   1.143905E+04   1.399994E+00   1.126E+11   1.628E+29   6.751E-05      8.805E-02                                                                                                                                           82.0   82.0   28.0
  301   1.144191E+04   1.399994E+00   1.083E+11   1.558E+29   6.497E-05      8.693E-02                                                                                                                                           82.0   82.0   28.0
  302   1.144477E+04   1.399994E+00   1.042E+11   1.488E+29   6.253E-05      8.653E-02                                                                                                                                           80.0   80.0   28.0
  303   1.144763E+04   1.399995E+00   1.003E+11   1.418E+29   6.017E-05      8.543E-02                                                                                                                                           80.0   80.0   28.0
  304   1.145049E+04   1.399995E+00   9.652E+10   1.347E+29   5.791E-05      8.435E-02                                                                                                                                           80.0   80.0   28.0
  305   1.145335E+04   1.399995E+00   9.288E+10   1.277E+29   5.573E-05      8.327E-02                                                                                                                                           80.0   80.0   28.0
  306   1.145621E+04   1.399995E+00   8.938E+10   1.207E+29   5.363E-05      8.222E-02                                                                                                                                           80.0   80.0   28.0
  307   1.145906E+04   1.399996E+00   8.601E+10   1.145E+29   5.161E-05      8.117E-02                                                                                                                                           80.0   80.0   28.0
  308   1.146190E+04   1.399996E+00   8.277E+10   1.099E+29   4.966E-05      8.082E-02                                                                                                                                           78.0   78.0   28.0
  309   1.146475E+04   1.399996E+00   7.965E+10   1.053E+29   4.779E-05      7.979E-02                                                                                                                                           78.0   78.0   28.0
  310   1.146759E+04   1.399996E+00   7.664E+10   1.008E+29   4.599E-05      7.877E-02                                                                                                                                           78.0   78.0   28.0
  311   1.147044E+04   1.399996E+00   7.375E+10   9.624E+28   4.426E-05      7.777E-02                                                                                                                                           78.0   78.0   28.0
  312   1.147328E+04   1.399997E+00   7.097E+10   9.168E+28   4.259E-05      7.678E-02                                                                                                                                           78.0   78.0   28.0
  313   1.147612E+04   1.399997E+00   6.830E+10   8.712E+28   4.099E-05      7.581E-02                                                                                                                                           78.0   78.0   28.0
  314   1.147897E+04   1.399997E+00   6.572E+10   8.257E+28   3.944E-05      7.484E-02                                                                                                                                           78.0   78.0   28.0
  315   1.148181E+04   1.399997E+00   6.325E+10   7.801E+28   3.796E-05      7.389E-02                                                                                                                                           78.0   78.0   28.0
  316   1.148466E+04   1.399997E+00   6.086E+10   7.346E+28   3.653E-05      7.295E-02                                                                                                                                           78.0   78.0   28.0
  317   1.148750E+04   1.399997E+00   5.857E+10   6.890E+28   3.515E-05      7.202E-02                                                                                                                                           78.0   78.0   28.0
  318   1.148991E+04   1.399997E+00   5.636E+10   6.613E+28   3.383E-05      7.111E-02                                                                                                                                           78.0   78.0   28.0
  319   1.149225E+04   1.399998E+00   5.423E+10   6.367E+28   3.255E-05      7.020E-02                                                                                                                                           78.0   78.0   28.0
  320   1.149459E+04   1.399998E+00   5.219E+10   6.121E+28   3.133E-05      6.931E-02                                                                                                                                           78.0   78.0   28.0
  321   1.149693E+04   1.399998E+00   5.022E+10   5.875E+28   3.015E-05      6.843E-02                                                                                                                                           78.0   78.0   28.0
  322   1.149927E+04   1.399998E+00   4.833E+10   5.630E+28   2.902E-05      6.756E-02                                                                                                                                           78.0   78.0   28.0
  323   1.150161E+04   1.399998E+00   4.651E+10   5.384E+28   2.793E-05      6.671E-02                                                                                                                                           78.0   78.0   28.0
  324   1.150394E+04   1.399998E+00   4.475E+10   5.138E+28   2.688E-05      6.586E-02                                                                                                                                           78.0   78.0   28.0
  325   1.150628E+04   1.399998E+00   4.307E+10   4.892E+28   2.587E-05      6.502E-02                                                                                                                                           78.0   78.0   28.0
  326   1.150862E+04   1.399998E+00   4.144E+10   4.647E+28   2.489E-05      6.514E-02                                                                                                                                           80.0   80.0   30.0
  327   1.151096E+04   1.399998E+00   3.988E+10   4.401E+28   2.395E-05      6.431E-02                                                                                                                                           80.0   80.0   30.0
  328   1.151330E+04   1.399998E+00   3.838E+10   4.155E+28   2.305E-05      6.349E-02                                                                                                                                           80.0   80.0   30.0
  329   1.151562E+04   1.399998E+00   3.693E+10   3.960E+28   2.218E-05      6.268E-02                                                                                                                                           80.0   80.0   30.0
  330   1.151793E+04   1.399999E+00   3.554E+10   3.801E+28   2.134E-05      6.188E-02                                                                                                                                           80.0   80.0   30.0
  331   1.152024E+04   1.399999E+00   3.420E+10   3.642E+28   2.054E-05      6.109E-02                                                                                                                                           80.0   80.0   30.0
  332   1.152255E+04   1.399999E+00   3.291E+10   3.483E+28   1.976E-05      6.032E-02                                                                                                                                           80.0   80.0   30.0
  333   1.152486E+04   1.399999E+00   3.167E+10   3.324E+28   1.902E-05      5.955E-02                                                                                                                                           80.0   80.0   30.0
  334   1.152717E+04   1.399999E+00   3.048E+10   3.165E+28   1.830E-05      5.879E-02                                                                                                                                           80.0   80.0   30.0
  335   1.152948E+04   1.399999E+00   2.933E+10   3.006E+28   1.762E-05      5.805E-02                                                                                                                                           80.0   80.0   30.0
  336   1.153180E+04   1.399999E+00   2.822E+10   2.847E+28   1.695E-05      5.731E-02                                                                                                                                           80.0   80.0   30.0
  337   1.153411E+04   1.399999E+00   2.716E+10   2.688E+28   1.632E-05      5.659E-02                                                                                                                                           80.0   80.0   30.0
  338   1.153642E+04   1.399999E+00   2.613E+10   2.529E+28   1.570E-05      5.587E-02                                                                                                                                           80.0   80.0   30.0
  339   1.153870E+04   1.399999E+00   2.515E+10   2.375E+28   1.511E-05      5.516E-02                                                                                                                                           80.0   80.0   30.0
  340   1.154065E+04   1.399999E+00   2.420E+10   2.287E+28   1.454E-05      5.445E-02                                                                                                                                           80.0   80.0   30.0
  341   1.154259E+04   1.399999E+00   2.329E+10   2.200E+28   1.399E-05      5.376E-02                                                                                                                                           80.0   80.0   30.0
  342   1.154454E+04   1.399999E+00   2.241E+10   2.112E+28   1.347E-05      5.308E-02                                                                                                                                           80.0   80.0   30.0
  343   1.154648E+04   1.399999E+00   2.157E+10   2.025E+28   1.296E-05      5.240E-02                                                                                                                                           80.0   80.0   30.0
  344   1.154843E+04   1.399999E+00   2.075E+10   1.937E+28   1.247E-05      5.217E-02                                                                                                                                           78.0   78.0   30.0
  345   1.155037E+04   1.399999E+00   1.997E+10   1.850E+28   1.200E-05      5.151E-02                                                                                                                                           78.0   78.0   30.0
  346   1.155231E+04   1.399999E+00   1.922E+10   1.762E+28   1.155E-05      5.086E-02                                                                                                                                           78.0   78.0   30.0
  347   1.155426E+04   1.399999E+00   1.849E+10   1.675E+28   1.112E-05      5.021E-02                                                                                                                                           78.0   78.0   30.0
  348   1.155620E+04   1.399999E+00   1.780E+10   1.587E+28   1.070E-05      4.957E-02                                                                                                                                           78.0   78.0   30.0
  349   1.155815E+04   1.399999E+00   1.713E+10   1.500E+28   1.030E-05      4.894E-02                                                                                                                                           78.0   78.0   30.0
  350   1.156009E+04   1.399999E+00   1.648E+10   1.413E+28   9.909E-06      4.850E-02                                                                                                                                           72.0   72.0   28.0
  351   1.156187E+04   1.399999E+00   1.586E+10   1.361E+28   9.535E-06      4.788E-02                                                                                                                                           72.0   72.0   28.0
  352   1.156365E+04   1.399999E+00   1.526E+10   1.309E+28   9.175E-06      4.727E-02                                                                                                                                           72.0   72.0   28.0
  353   1.156544E+04   1.400000E+00   1.469E+10   1.257E+28   8.829E-06      4.667E-02                                                                                                                                           72.0   72.0   28.0
  354   1.156722E+04   1.400000E+00   1.413E+10   1.205E+28   8.496E-06      4.608E-02                                                                                                                                           72.0   72.0   28.0
  355   1.156900E+04   1.400000E+00   1.360E+10   1.153E+28   8.176E-06      4.549E-02                                                                                                                                           72.0   72.0   28.0
  356   1.157078E+04   1.400000E+00   1.309E+10   1.101E+28   7.867E-06      4.491E-02                                                                                                                                           72.0   72.0   28.0
  357   1.157257E+04   1.400000E+00   1.259E+10   1.049E+28   7.571E-06      4.493E-02                                                                                                                                           84.0   84.0   34.0
  358   1.157435E+04   1.400000E+00   1.212E+10   9.970E+27   7.285E-06      4.436E-02                                                                                                                                           84.0   84.0   34.0
  359   1.157613E+04   1.400000E+00   1.166E+10   9.450E+27   7.010E-06      4.380E-02                                                                                                                                           84.0   84.0   34.0
  360   1.157791E+04   1.400000E+00   1.122E+10   8.930E+27   6.746E-06      4.324E-02                                                                                                                                           84.0   84.0   34.0
  361   1.157969E+04   1.400000E+00   1.080E+10   8.413E+27   6.491E-06      4.269E-02                                                                                                                                           84.0   84.0   34.0
  362   1.158142E+04   1.400000E+00   1.039E+10   8.078E+27   6.246E-06      4.215E-02                                                                                                                                           84.0   84.0   34.0
  363   1.158314E+04   1.400000E+00   1.000E+10   7.744E+27   6.011E-06      4.161E-02                                                                                                                                           84.0   84.0   34.0
