
 EOS                                                                            

              Mstar     = 1.400E+00    Rstar     = 1.158E+06
              Mexo      = 0.000E+00    Rexo      = 0.000E+00
              Mcore     = 1.378E+00    Rcore     = 1.078E+06
              Mincrust  = 2.234E-02    Rincrust  = 5.674E+04
              Moutcrust = 2.915E-05    Routcrust = 2.406E+04

  icore= 111   sfn1s0= 1.                 emnco= 5.   rhoexo=   1.200E+25
  idrip= 267   sfn3p2=***  fn3p2= 1.00    emncr= 5.     cexo=   1.000E+25
   imax= 363   sfp1s0= 3.  fp1s0= 1.00      emp= 3.     pexo=   6.000E+00

            DUrca not possible
          e-ion bremstrahlung:  1             bubble neutrinos:  0
             plasma neutrinos:  1              neutron 1S0 pbf:  1
               pair neutrinos:  0              neutron 3P2 pbf:  1
              photo neutrinos:  0               proton 1S0 pbf:  1

        Accreted envelope from Potekhin et al. with Eta = 0.00E+00


    Step      Time            Teff       L_phot       L_nu        L_heat 
             [years]      at inf [K]    [erg/sec]   [erg/sec]   [erg/sec]

       1   1.000E-13        6.749E+06   3.094E+36   1.675E+47   0.000E+00
       2   2.500E-13        6.749E+06   3.094E+36   1.675E+47   0.000E+00
       3   4.750E-13        6.749E+06   3.094E+36   1.675E+47   0.000E+00
       4   8.125E-13        6.749E+06   3.094E+36   1.675E+47   0.000E+00
       5   1.319E-12        6.749E+06   3.094E+36   1.675E+47   0.000E+00
       6   2.078E-12        6.749E+06   3.094E+36   1.675E+47   0.000E+00
       7   3.217E-12        6.749E+06   3.094E+36   1.675E+47   0.000E+00
       8   4.926E-12        6.749E+06   3.094E+36   1.675E+47   0.000E+00
       9   7.489E-12        6.749E+06   3.094E+36   1.675E+47   0.000E+00
      10   1.133E-11        6.749E+06   3.094E+36   1.675E+47   0.000E+00
      11   1.710E-11        6.749E+06   3.094E+36   1.675E+47   0.000E+00
      12   2.575E-11        6.749E+06   3.094E+36   1.675E+47   0.000E+00
      13   3.872E-11        6.749E+06   3.094E+36   1.675E+47   0.000E+00
      14   5.819E-11        6.749E+06   3.094E+36   1.675E+47   0.000E+00
      15   8.738E-11        6.749E+06   3.094E+36   1.675E+47   0.000E+00
      16   1.312E-10        6.749E+06   3.094E+36   1.675E+47   0.000E+00
      17   1.969E-10        6.749E+06   3.094E+36   1.675E+47   0.000E+00
      18   2.954E-10        6.749E+06   3.094E+36   1.674E+47   0.000E+00
      19   4.432E-10        6.749E+06   3.094E+36   1.674E+47   0.000E+00
      20   6.649E-10        6.749E+06   3.094E+36   1.674E+47   0.000E+00
      21   9.974E-10        6.749E+06   3.094E+36   1.674E+47   0.000E+00
      22   1.496E-09        6.749E+06   3.094E+36   1.673E+47   0.000E+00
      23   2.244E-09        6.749E+06   3.094E+36   1.673E+47   0.000E+00
      24   3.367E-09        6.749E+06   3.094E+36   1.671E+47   0.000E+00
      25   5.050E-09        6.749E+06   3.094E+36   1.670E+47   0.000E+00
      26   7.575E-09        6.749E+06   3.094E+36   1.667E+47   0.000E+00
      27   1.136E-08        6.749E+06   3.094E+36   1.663E+47   0.000E+00
      28   1.704E-08        6.749E+06   3.094E+36   1.658E+47   0.000E+00
      29   2.557E-08        6.749E+06   3.094E+36   1.649E+47   0.000E+00
      30   3.835E-08        6.749E+06   3.094E+36   1.637E+47   0.000E+00
      31   5.753E-08        6.749E+06   3.094E+36   1.619E+47   0.000E+00
      32   8.629E-08        6.749E+06   3.094E+36   1.592E+47   0.000E+00
      33   1.294E-07        6.749E+06   3.094E+36   1.554E+47   0.000E+00
      34   1.941E-07        6.749E+06   3.094E+36   1.500E+47   0.000E+00
      35   2.912E-07        6.749E+06   3.093E+36   1.425E+47   0.000E+00
      36   4.368E-07        6.749E+06   3.093E+36   1.325E+47   0.000E+00
      37   6.552E-07        6.749E+06   3.093E+36   1.199E+47   0.000E+00
      38   9.829E-07        6.749E+06   3.093E+36   1.047E+47   0.000E+00
      39   1.474E-06        6.749E+06   3.093E+36   8.775E+46   0.000E+00
      40   2.211E-06        6.748E+06   3.092E+36   7.024E+46   0.000E+00
      41   3.317E-06        6.748E+06   3.091E+36   5.359E+46   0.000E+00
      42   4.976E-06        6.747E+06   3.090E+36   3.901E+46   0.000E+00
      43   7.464E-06        6.746E+06   3.088E+36   2.721E+46   0.000E+00
      44   1.120E-05        6.745E+06   3.086E+36   1.829E+46   0.000E+00
      45   1.679E-05        6.743E+06   3.082E+36   1.192E+46   0.000E+00
      46   2.519E-05        6.740E+06   3.076E+36   7.592E+45   0.000E+00
      47   3.778E-05        6.735E+06   3.068E+36   4.747E+45   0.000E+00
      48   5.668E-05        6.728E+06   3.055E+36   2.929E+45   0.000E+00
      49   8.502E-05        6.718E+06   3.036E+36   1.788E+45   0.000E+00
      50   1.275E-04        6.702E+06   3.008E+36   1.083E+45   0.000E+00
      51   1.913E-04        6.679E+06   2.967E+36   6.507E+44   0.000E+00
      52   2.869E-04        6.645E+06   2.908E+36   3.887E+44   0.000E+00
      53   4.304E-04        6.597E+06   2.823E+36   2.309E+44   0.000E+00
      54   6.456E-04        6.527E+06   2.705E+36   1.370E+44   0.000E+00
      55   7.237E-04        6.501E+06   2.664E+36   1.156E+44   0.000E+00
      56   7.340E-04        6.498E+06   2.658E+36   1.130E+44   0.000E+00
      57   7.494E-04        6.493E+06   2.650E+36   1.094E+44   0.000E+00
      58   7.725E-04        6.486E+06   2.638E+36   1.044E+44   0.000E+00
      59   7.914E-04        6.480E+06   2.628E+36   1.005E+44   0.000E+00
      60   8.198E-04        6.471E+06   2.614E+36   9.523E+43   0.000E+00
      61   8.545E-04        6.460E+06   2.596E+36   8.940E+43   0.000E+00
      62   8.776E-04        6.453E+06   2.585E+36   8.583E+43   0.000E+00
      63   9.123E-04        6.442E+06   2.568E+36   8.094E+43   0.000E+00
      64   9.644E-04        6.426E+06   2.542E+36   7.452E+43   0.000E+00
      65   1.042E-03        6.403E+06   2.505E+36   6.654E+43   0.000E+00
      66   1.106E-03        6.384E+06   2.476E+36   6.101E+43   0.000E+00
      67   1.202E-03        6.356E+06   2.433E+36   5.419E+43   0.000E+00
      68   1.280E-03        6.333E+06   2.398E+36   4.950E+43   0.000E+00
      69   1.344E-03        6.315E+06   2.371E+36   4.615E+43   0.000E+00
      70   1.439E-03        6.288E+06   2.331E+36   4.187E+43   0.000E+00
      71   1.583E-03        6.249E+06   2.274E+36   3.670E+43   0.000E+00
      72   1.700E-03        6.218E+06   2.229E+36   3.321E+43   0.000E+00
      73   1.876E-03        6.173E+06   2.165E+36   2.903E+43   0.000E+00
      74   2.051E-03        6.129E+06   2.103E+36   2.568E+43   0.000E+00
      75   2.267E-03        6.077E+06   2.033E+36   2.244E+43   0.000E+00
      76   2.442E-03        6.036E+06   1.979E+36   2.027E+43   0.000E+00
      77   2.706E-03        5.977E+06   1.902E+36   1.767E+43   0.000E+00
      78   3.101E-03        5.893E+06   1.798E+36   1.479E+43   0.000E+00
      79   3.694E-03        5.779E+06   1.663E+36   1.184E+43   0.000E+00
      80   4.584E-03        5.627E+06   1.495E+36   9.058E+42   0.000E+00
      81   5.651E-03        5.468E+06   1.332E+36   6.983E+42   0.000E+00
      82   6.932E-03        5.301E+06   1.177E+36   5.425E+42   0.000E+00
      83   8.469E-03        5.128E+06   1.031E+36   4.238E+42   0.000E+00
      84   9.281E-03        5.049E+06   9.689E+35   3.764E+42   0.000E+00
      85   1.026E-02        4.960E+06   9.020E+35   3.311E+42   0.000E+00
      86   1.142E-02        4.859E+06   8.314E+35   2.886E+42   0.000E+00
      87   1.283E-02        4.753E+06   7.606E+35   2.492E+42   0.000E+00
      88   1.451E-02        4.639E+06   6.904E+35   2.133E+42   0.000E+00
      89   1.558E-02        4.572E+06   6.513E+35   1.945E+42   0.000E+00
      90   1.639E-02        4.524E+06   6.245E+35   1.819E+42   0.000E+00
      91   1.737E-02        4.470E+06   5.955E+35   1.686E+42   0.000E+00
      92   1.854E-02        4.411E+06   5.644E+35   1.547E+42   0.000E+00
      93   1.994E-02        4.345E+06   5.316E+35   1.406E+42   0.000E+00
      94   2.162E-02        4.274E+06   4.976E+35   1.264E+42   0.000E+00
      95   2.364E-02        4.198E+06   4.629E+35   1.125E+42   0.000E+00
      96   2.586E-02        4.123E+06   4.307E+35   9.996E+41   0.000E+00
      97   2.807E-02        4.055E+06   4.032E+35   8.962E+41   0.000E+00
      98   3.073E-02        3.984E+06   3.754E+35   7.943E+41   0.000E+00
      99   3.364E-02        3.914E+06   3.498E+35   7.035E+41   0.000E+00
     100   3.713E-02        3.841E+06   3.244E+35   6.160E+41   0.000E+00
     101   4.132E-02        3.765E+06   2.996E+35   5.335E+41   0.000E+00
     102   4.514E-02        3.704E+06   2.806E+35   4.726E+41   0.000E+00
     103   4.973E-02        3.640E+06   2.618E+35   4.139E+41   0.000E+00
     104   5.524E-02        3.574E+06   2.434E+35   3.584E+41   0.000E+00
     105   6.185E-02        3.508E+06   2.256E+35   3.069E+41   0.000E+00
     106   6.978E-02        3.440E+06   2.088E+35   2.598E+41   0.000E+00
     107   7.930E-02        3.373E+06   1.931E+35   2.178E+41   0.000E+00
     108   8.591E-02        3.332E+06   1.838E+35   1.944E+41   0.000E+00
     109   9.384E-02        3.289E+06   1.745E+35   1.716E+41   0.000E+00
     110   1.034E-01        3.245E+06   1.653E+35   1.498E+41   0.000E+00
     111   1.148E-01        3.200E+06   1.563E+35   1.294E+41   0.000E+00
     112   1.220E-01        3.174E+06   1.513E+35   1.185E+41   0.000E+00
     113   1.307E-01        3.146E+06   1.461E+35   1.075E+41   0.000E+00
     114   1.411E-01        3.117E+06   1.407E+35   9.640E+40   0.000E+00
     115   1.536E-01        3.086E+06   1.352E+35   8.555E+40   0.000E+00
     116   1.687E-01        3.054E+06   1.298E+35   7.510E+40   0.000E+00
     117   1.867E-01        3.022E+06   1.244E+35   6.526E+40   0.000E+00
     118   2.083E-01        2.990E+06   1.192E+35   5.615E+40   0.000E+00
     119   2.342E-01        2.958E+06   1.142E+35   4.787E+40   0.000E+00
     120   2.654E-01        2.928E+06   1.095E+35   4.044E+40   0.000E+00
     121   3.027E-01        2.898E+06   1.052E+35   3.384E+40   0.000E+00
     122   3.475E-01        2.871E+06   1.013E+35   2.803E+40   0.000E+00
     123   4.013E-01        2.846E+06   9.778E+34   2.297E+40   0.000E+00
     124   4.659E-01        2.823E+06   9.471E+34   1.861E+40   0.000E+00
     125   5.434E-01        2.803E+06   9.206E+34   1.495E+40   0.000E+00
     126   6.363E-01        2.786E+06   8.979E+34   1.193E+40   0.000E+00
     127   7.381E-01        2.772E+06   8.797E+34   9.653E+39   0.000E+00
     128   8.603E-01        2.759E+06   8.637E+34   7.778E+39   0.000E+00
     129   1.007E+00        2.747E+06   8.493E+34   6.246E+39   0.000E+00
     130   1.109E+00        2.740E+06   8.409E+34   5.442E+39   0.000E+00
     131   1.158E+00        2.737E+06   8.371E+34   5.136E+39   0.000E+00
     132   1.217E+00        2.734E+06   8.330E+34   4.846E+39   0.000E+00
     133   1.288E+00        2.730E+06   8.284E+34   4.566E+39   0.000E+00
     134   1.372E+00        2.726E+06   8.233E+34   4.308E+39   0.000E+00
     135   1.474E+00        2.721E+06   8.178E+34   4.086E+39   0.000E+00
     136   1.552E+00        2.718E+06   8.138E+34   3.956E+39   0.000E+00
     137   1.645E+00        2.714E+06   8.093E+34   3.848E+39   0.000E+00
     138   1.756E+00        2.710E+06   8.042E+34   3.760E+39   0.000E+00
     139   1.890E+00        2.705E+06   7.986E+34   3.697E+39   0.000E+00
     140   2.012E+00        2.701E+06   7.937E+34   3.650E+39   0.000E+00
     141   2.159E+00        2.697E+06   7.883E+34   3.597E+39   0.000E+00
     142   2.281E+00        2.693E+06   7.839E+34   3.534E+39   0.000E+00
     143   2.428E+00        2.689E+06   7.790E+34   3.437E+39   0.000E+00
     144   2.604E+00        2.684E+06   7.735E+34   3.296E+39   0.000E+00
     145   2.815E+00        2.679E+06   7.674E+34   3.094E+39   0.000E+00
     146   3.068E+00        2.673E+06   7.608E+34   2.833E+39   0.000E+00
     147   3.372E+00        2.666E+06   7.536E+34   2.535E+39   0.000E+00
     148   3.737E+00        2.660E+06   7.459E+34   2.201E+39   0.000E+00
     149   4.137E+00        2.653E+06   7.385E+34   1.878E+39   0.000E+00
     150   4.575E+00        2.646E+06   7.311E+34   1.585E+39   0.000E+00
     151   5.100E+00        2.639E+06   7.232E+34   1.301E+39   0.000E+00
     152   5.731E+00        2.631E+06   7.145E+34   1.040E+39   0.000E+00
     153   6.487E+00        2.622E+06   7.048E+34   8.199E+38   0.000E+00
     154   7.395E+00        2.612E+06   6.936E+34   6.392E+38   0.000E+00
     155   8.485E+00        2.599E+06   6.805E+34   4.962E+38   0.000E+00
     156   9.792E+00        2.584E+06   6.642E+34   3.838E+38   0.000E+00
     157   1.136E+01        2.563E+06   6.437E+34   2.963E+38   0.000E+00
     158   1.324E+01        2.537E+06   6.172E+34   2.286E+38   0.000E+00
     159   1.531E+01        2.503E+06   5.850E+34   1.797E+38   0.000E+00
     160   1.778E+01        2.456E+06   5.426E+34   1.408E+38   0.000E+00
     161   2.075E+01        2.392E+06   4.880E+34   1.100E+38   0.000E+00
     162   2.431E+01        2.304E+06   4.205E+34   8.568E+37   0.000E+00
     163   2.822E+01        2.200E+06   3.492E+34   6.783E+37   0.000E+00
     164   3.290E+01        2.075E+06   2.765E+34   5.341E+37   0.000E+00
     165   3.852E+01        1.932E+06   2.079E+34   4.181E+37   0.000E+00
     166   4.527E+01        1.782E+06   1.502E+34   3.252E+37   0.000E+00
     167   5.336E+01        1.642E+06   1.084E+34   2.514E+37   0.000E+00
     168   6.308E+01        1.533E+06   8.228E+33   1.932E+37   0.000E+00
     169   7.474E+01        1.458E+06   6.738E+33   1.472E+37   0.000E+00
     170   8.872E+01        1.408E+06   5.861E+33   1.111E+37   0.000E+00
     171   1.040E+02        1.374E+06   5.318E+33   8.429E+36   0.000E+00
     172   1.224E+02        1.345E+06   4.884E+33   6.291E+36   0.000E+00
     173   1.445E+02        1.318E+06   4.496E+33   4.628E+36   0.000E+00
     174   1.710E+02        1.290E+06   4.126E+33   3.372E+36   0.000E+00
     175   2.028E+02        1.262E+06   3.776E+33   2.443E+36   0.000E+00
     176   2.409E+02        1.233E+06   3.449E+33   1.766E+36   0.000E+00
     177   2.866E+02        1.206E+06   3.152E+33   1.279E+36   0.000E+00
     178   3.415E+02        1.179E+06   2.879E+33   9.288E+35   0.000E+00
     179   4.074E+02        1.153E+06   2.633E+33   6.771E+35   0.000E+00
     180   4.865E+02        1.128E+06   2.410E+33   4.951E+35   0.000E+00
     181   5.814E+02        1.103E+06   2.206E+33   3.613E+35   0.000E+00
     182   6.952E+02        1.079E+06   2.023E+33   2.649E+35   0.000E+00
     183   8.319E+02        1.056E+06   1.855E+33   1.948E+35   0.000E+00
     184   9.958E+02        1.034E+06   1.702E+33   1.428E+35   0.000E+00
     185   1.193E+03        1.012E+06   1.562E+33   1.044E+35   0.000E+00
     186   1.429E+03        9.904E+05   1.434E+33   7.611E+34   0.000E+00
     187   1.712E+03        9.696E+05   1.318E+33   5.536E+34   0.000E+00
     188   2.052E+03        9.496E+05   1.212E+33   4.020E+34   0.000E+00
     189   2.460E+03        9.302E+05   1.116E+33   2.915E+34   0.000E+00
     190   2.949E+03        9.114E+05   1.029E+33   2.111E+34   0.000E+00
     191   3.537E+03        8.933E+05   9.495E+32   1.528E+34   0.000E+00
     192   4.242E+03        8.759E+05   8.773E+32   1.104E+34   0.000E+00
     193   5.088E+03        8.590E+05   8.116E+32   7.976E+33   0.000E+00
     194   6.086E+03        8.429E+05   7.525E+32   5.785E+33   0.000E+00
     195   7.084E+03        8.295E+05   7.057E+32   4.385E+33   0.000E+00
     196   8.082E+03        8.180E+05   6.675E+32   3.437E+33   0.000E+00
     197   9.080E+03        8.080E+05   6.353E+32   2.762E+33   0.000E+00
     198   1.008E+04        7.990E+05   6.077E+32   2.265E+33   0.000E+00
     199   1.108E+04        7.910E+05   5.837E+32   1.888E+33   0.000E+00
     200   1.207E+04        7.837E+05   5.625E+32   1.594E+33   0.000E+00
     201   1.307E+04        7.771E+05   5.435E+32   1.362E+33   0.000E+00
     202   1.407E+04        7.709E+05   5.265E+32   1.175E+33   0.000E+00
     203   1.507E+04        7.651E+05   5.110E+32   1.022E+33   0.000E+00
     204   1.607E+04        7.598E+05   4.967E+32   8.949E+32   0.000E+00
     205   1.707E+04        7.547E+05   4.836E+32   7.887E+32   0.000E+00
     206   1.806E+04        7.499E+05   4.715E+32   6.989E+32   0.000E+00
     207   1.906E+04        7.454E+05   4.602E+32   6.223E+32   0.000E+00
     208   2.006E+04        7.411E+05   4.496E+32   5.564E+32   0.000E+00
     209   2.106E+04        7.369E+05   4.397E+32   4.994E+32   0.000E+00
     210   2.206E+04        7.330E+05   4.304E+32   4.497E+32   0.000E+00
     211   2.305E+04        7.292E+05   4.215E+32   4.062E+32   0.000E+00
     212   2.405E+04        7.255E+05   4.131E+32   3.680E+32   0.000E+00
     213   2.505E+04        7.220E+05   4.051E+32   3.341E+32   0.000E+00
     214   2.605E+04        7.186E+05   3.975E+32   3.041E+32   0.000E+00
     215   2.705E+04        7.153E+05   3.902E+32   2.773E+32   0.000E+00
     216   2.805E+04        7.120E+05   3.832E+32   2.533E+32   0.000E+00
     217   2.904E+04        7.089E+05   3.765E+32   2.318E+32   0.000E+00
     218   3.004E+04        7.059E+05   3.701E+32   2.125E+32   0.000E+00
     219   3.104E+04        7.029E+05   3.639E+32   1.950E+32   0.000E+00
     220   3.204E+04        7.000E+05   3.579E+32   1.792E+32   0.000E+00
     221   3.304E+04        6.971E+05   3.521E+32   1.649E+32   0.000E+00
     222   3.403E+04        6.944E+05   3.465E+32   1.518E+32   0.000E+00
     223   3.503E+04        6.916E+05   3.411E+32   1.400E+32   0.000E+00
     224   3.603E+04        6.889E+05   3.359E+32   1.292E+32   0.000E+00
     225   3.703E+04        6.863E+05   3.308E+32   1.193E+32   0.000E+00
     226   3.803E+04        6.837E+05   3.258E+32   1.102E+32   0.000E+00
     227   3.903E+04        6.812E+05   3.210E+32   1.019E+32   0.000E+00
     228   4.002E+04        6.787E+05   3.163E+32   9.431E+31   0.000E+00
     229   4.102E+04        6.762E+05   3.117E+32   8.731E+31   0.000E+00
     230   4.202E+04        6.737E+05   3.072E+32   8.087E+31   0.000E+00
     231   4.302E+04        6.713E+05   3.028E+32   7.494E+31   0.000E+00
     232   4.402E+04        6.690E+05   2.986E+32   6.947E+31   0.000E+00
     233   4.501E+04        6.666E+05   2.944E+32   6.443E+31   0.000E+00
     234   4.601E+04        6.643E+05   2.903E+32   5.977E+31   0.000E+00
     235   4.701E+04        6.620E+05   2.863E+32   5.546E+31   0.000E+00
     236   4.801E+04        6.597E+05   2.824E+32   5.148E+31   0.000E+00
     237   4.901E+04        6.575E+05   2.786E+32   4.779E+31   0.000E+00
     238   5.001E+04        6.552E+05   2.748E+32   4.438E+31   0.000E+00
     239   5.100E+04        6.530E+05   2.711E+32   4.122E+31   0.000E+00
     240   5.200E+04        6.509E+05   2.675E+32   3.828E+31   0.000E+00
     241   5.300E+04        6.487E+05   2.640E+32   3.556E+31   0.000E+00
     242   5.400E+04        6.465E+05   2.605E+32   3.304E+31   0.000E+00
     243   5.500E+04        6.444E+05   2.571E+32   3.069E+31   0.000E+00
     244   5.599E+04        6.423E+05   2.537E+32   2.852E+31   0.000E+00
     245   5.699E+04        6.402E+05   2.504E+32   2.649E+31   0.000E+00
     246   5.799E+04        6.381E+05   2.471E+32   2.462E+31   0.000E+00
     247   5.899E+04        6.360E+05   2.439E+32   2.287E+31   0.000E+00
     248   5.999E+04        6.339E+05   2.408E+32   2.125E+31   0.000E+00
     249   6.099E+04        6.319E+05   2.377E+32   1.974E+31   0.000E+00
     250   6.198E+04        6.298E+05   2.346E+32   1.834E+31   0.000E+00
     251   6.298E+04        6.278E+05   2.316E+32   1.703E+31   0.000E+00
     252   6.398E+04        6.258E+05   2.286E+32   1.582E+31   0.000E+00
     253   6.498E+04        6.238E+05   2.257E+32   1.469E+31   0.000E+00
     254   6.598E+04        6.218E+05   2.228E+32   1.364E+31   0.000E+00
     255   6.697E+04        6.198E+05   2.200E+32   1.266E+31   0.000E+00
     256   6.797E+04        6.178E+05   2.172E+32   1.176E+31   0.000E+00
     257   6.897E+04        6.158E+05   2.144E+32   1.091E+31   0.000E+00
     258   6.997E+04        6.139E+05   2.117E+32   1.013E+31   0.000E+00
     259   7.097E+04        6.119E+05   2.090E+32   9.394E+30   0.000E+00
     260   7.197E+04        6.100E+05   2.064E+32   8.715E+30   0.000E+00
     261   7.296E+04        6.080E+05   2.038E+32   8.083E+30   0.000E+00
     262   7.396E+04        6.061E+05   2.012E+32   7.495E+30   0.000E+00
     263   7.496E+04        6.042E+05   1.987E+32   6.948E+30   0.000E+00
     264   7.596E+04        6.023E+05   1.962E+32   6.440E+30   0.000E+00
     265   7.696E+04        6.004E+05   1.937E+32   5.968E+30   0.000E+00
     266   7.795E+04        5.985E+05   1.912E+32   5.529E+30   0.000E+00
     267   7.895E+04        5.966E+05   1.888E+32   5.121E+30   0.000E+00
     268   7.995E+04        5.947E+05   1.865E+32   4.742E+30   0.000E+00
     269   8.095E+04        5.928E+05   1.841E+32   4.390E+30   0.000E+00
     270   8.195E+04        5.909E+05   1.818E+32   4.063E+30   0.000E+00
     271   8.295E+04        5.891E+05   1.795E+32   3.760E+30   0.000E+00
     272   8.394E+04        5.872E+05   1.772E+32   3.478E+30   0.000E+00
     273   8.494E+04        5.853E+05   1.750E+32   3.216E+30   0.000E+00
     274   8.594E+04        5.835E+05   1.728E+32   2.973E+30   0.000E+00
     275   8.694E+04        5.816E+05   1.706E+32   2.748E+30   0.000E+00
     276   8.794E+04        5.798E+05   1.685E+32   2.540E+30   0.000E+00
     277   8.893E+04        5.780E+05   1.664E+32   2.346E+30   0.000E+00
     278   8.993E+04        5.761E+05   1.643E+32   2.166E+30   0.000E+00
     279   9.093E+04        5.743E+05   1.622E+32   2.000E+30   0.000E+00
     280   9.193E+04        5.725E+05   1.602E+32   1.846E+30   0.000E+00
     281   9.293E+04        5.707E+05   1.582E+32   1.703E+30   0.000E+00
     282   9.393E+04        5.689E+05   1.562E+32   1.571E+30   0.000E+00
     283   9.492E+04        5.671E+05   1.542E+32   1.449E+30   0.000E+00
     284   9.592E+04        5.653E+05   1.523E+32   1.336E+30   0.000E+00
     285   9.692E+04        5.635E+05   1.503E+32   1.231E+30   0.000E+00
     286   9.792E+04        5.617E+05   1.484E+32   1.134E+30   0.000E+00
     287   9.892E+04        5.600E+05   1.466E+32   1.044E+30   0.000E+00
     288   9.991E+04        5.582E+05   1.447E+32   9.616E+29   0.000E+00
     289   1.009E+05        5.564E+05   1.429E+32   8.851E+29   0.000E+00
     290   1.019E+05        5.546E+05   1.411E+32   8.144E+29   0.000E+00
     291   1.029E+05        5.529E+05   1.393E+32   7.492E+29   0.000E+00
     292   1.039E+05        5.511E+05   1.376E+32   6.890E+29   0.000E+00
     293   1.049E+05        5.494E+05   1.358E+32   6.334E+29   0.000E+00
     294   1.059E+05        5.476E+05   1.341E+32   5.821E+29   0.000E+00
     295   1.069E+05        5.459E+05   1.324E+32   5.348E+29   0.000E+00
     296   1.079E+05        5.442E+05   1.307E+32   4.912E+29   0.000E+00
     297   1.089E+05        5.424E+05   1.291E+32   4.511E+29   0.000E+00
     298   1.099E+05        5.407E+05   1.275E+32   4.141E+29   0.000E+00
     299   1.109E+05        5.390E+05   1.258E+32   3.800E+29   0.000E+00
     300   1.119E+05        5.373E+05   1.243E+32   3.486E+29   0.000E+00
     301   1.129E+05        5.356E+05   1.227E+32   3.197E+29   0.000E+00
     302   1.139E+05        5.339E+05   1.211E+32   2.931E+29   0.000E+00
     303   1.149E+05        5.322E+05   1.196E+32   2.687E+29   0.000E+00
     304   1.159E+05        5.305E+05   1.181E+32   2.462E+29   0.000E+00
     305   1.169E+05        5.288E+05   1.166E+32   2.255E+29   0.000E+00
     306   1.179E+05        5.271E+05   1.151E+32   2.065E+29   0.000E+00
     307   1.189E+05        5.255E+05   1.137E+32   1.891E+29   0.000E+00
     308   1.199E+05        5.238E+05   1.122E+32   1.731E+29   0.000E+00
     309   1.209E+05        5.221E+05   1.108E+32   1.584E+29   0.000E+00
     310   1.219E+05        5.205E+05   1.094E+32   1.449E+29   0.000E+00
     311   1.229E+05        5.188E+05   1.080E+32   1.325E+29   0.000E+00
     312   1.239E+05        5.172E+05   1.066E+32   1.212E+29   0.000E+00
     313   1.249E+05        5.155E+05   1.053E+32   1.108E+29   0.000E+00
     314   1.259E+05        5.139E+05   1.040E+32   1.012E+29   0.000E+00
     315   1.269E+05        5.122E+05   1.026E+32   9.251E+28   0.000E+00
     316   1.279E+05        5.106E+05   1.013E+32   8.451E+28   0.000E+00
     317   1.289E+05        5.090E+05   1.001E+32   7.719E+28   0.000E+00
     318   1.299E+05        5.074E+05   9.880E+31   7.048E+28   0.000E+00
     319   1.309E+05        5.058E+05   9.755E+31   6.434E+28   0.000E+00
     320   1.319E+05        5.042E+05   9.632E+31   5.873E+28   0.000E+00
     321   1.329E+05        5.026E+05   9.510E+31   5.360E+28   0.000E+00
     322   1.339E+05        5.010E+05   9.389E+31   4.890E+28   0.000E+00
     323   1.349E+05        4.994E+05   9.271E+31   4.461E+28   0.000E+00
     324   1.358E+05        4.978E+05   9.153E+31   4.069E+28   0.000E+00
     325   1.368E+05        4.962E+05   9.038E+31   3.711E+28   0.000E+00
     326   1.378E+05        4.946E+05   8.924E+31   3.384E+28   0.000E+00
     327   1.388E+05        4.931E+05   8.811E+31   3.086E+28   0.000E+00
     328   1.398E+05        4.915E+05   8.700E+31   2.813E+28   0.000E+00
     329   1.408E+05        4.899E+05   8.590E+31   2.564E+28   0.000E+00
     330   1.418E+05        4.884E+05   8.481E+31   2.337E+28   0.000E+00
     331   1.428E+05        4.868E+05   8.374E+31   2.130E+28   0.000E+00
     332   1.438E+05        4.853E+05   8.269E+31   1.941E+28   0.000E+00
     333   1.448E+05        4.837E+05   8.164E+31   1.769E+28   0.000E+00
     334   1.458E+05        4.822E+05   8.061E+31   1.612E+28   0.000E+00
     335   1.468E+05        4.807E+05   7.960E+31   1.469E+28   0.000E+00
     336   1.478E+05        4.792E+05   7.859E+31   1.339E+28   0.000E+00
     337   1.488E+05        4.777E+05   7.760E+31   1.220E+28   0.000E+00
     338   1.498E+05        4.761E+05   7.663E+31   1.112E+28   0.000E+00
     339   1.508E+05        4.746E+05   7.566E+31   1.013E+28   0.000E+00
     340   1.518E+05        4.731E+05   7.471E+31   9.237E+27   0.000E+00
     341   1.528E+05        4.716E+05   7.377E+31   8.420E+27   0.000E+00
     342   1.538E+05        4.702E+05   7.284E+31   7.675E+27   0.000E+00
     343   1.548E+05        4.687E+05   7.193E+31   6.998E+27   0.000E+00
     344   1.558E+05        4.672E+05   7.103E+31   6.381E+27   0.000E+00
     345   1.568E+05        4.657E+05   7.014E+31   5.820E+27   0.000E+00
     346   1.578E+05        4.643E+05   6.926E+31   5.308E+27   0.000E+00
     347   1.588E+05        4.628E+05   6.839E+31   4.843E+27   0.000E+00
     348   1.598E+05        4.613E+05   6.753E+31   4.420E+27   0.000E+00
     349   1.608E+05        4.599E+05   6.669E+31   4.035E+27   0.000E+00
     350   1.618E+05        4.584E+05   6.585E+31   3.684E+27   0.000E+00
     351   1.628E+05        4.570E+05   6.503E+31   3.365E+27   0.000E+00
     352   1.638E+05        4.556E+05   6.422E+31   3.074E+27   0.000E+00
     353   1.648E+05        4.541E+05   6.341E+31   2.810E+27   0.000E+00
     354   1.658E+05        4.527E+05   6.262E+31   2.569E+27   0.000E+00
     355   1.668E+05        4.513E+05   6.184E+31   2.349E+27   0.000E+00
     356   1.678E+05        4.499E+05   6.107E+31   2.150E+27   0.000E+00
     357   1.688E+05        4.485E+05   6.031E+31   1.968E+27   0.000E+00
     358   1.698E+05        4.471E+05   5.956E+31   1.802E+27   0.000E+00
     359   1.708E+05        4.457E+05   5.882E+31   1.651E+27   0.000E+00
     360   1.718E+05        4.443E+05   5.809E+31   1.513E+27   0.000E+00
     361   1.728E+05        4.429E+05   5.736E+31   1.388E+27   0.000E+00
     362   1.738E+05        4.415E+05   5.665E+31   1.274E+27   0.000E+00
     363   1.748E+05        4.401E+05   5.596E+31   1.170E+27   0.000E+00
     364   1.758E+05        4.388E+05   5.527E+31   1.075E+27   0.000E+00
     365   1.768E+05        4.374E+05   5.459E+31   9.888E+26   0.000E+00
     366   1.778E+05        4.361E+05   5.392E+31   9.100E+26   0.000E+00
     367   1.788E+05        4.347E+05   5.326E+31   8.381E+26   0.000E+00
     368   1.798E+05        4.334E+05   5.261E+31   7.724E+26   0.000E+00
     369   1.808E+05        4.321E+05   5.196E+31   7.124E+26   0.000E+00
     370   1.818E+05        4.308E+05   5.133E+31   6.576E+26   0.000E+00
     371   1.828E+05        4.295E+05   5.071E+31   6.074E+26   0.000E+00
     372   1.838E+05        4.281E+05   5.010E+31   5.615E+26   0.000E+00
     373   1.848E+05        4.268E+05   4.949E+31   5.195E+26   0.000E+00
     374   1.858E+05        4.256E+05   4.890E+31   4.809E+26   0.000E+00
     375   1.868E+05        4.243E+05   4.831E+31   4.456E+26   0.000E+00
     376   1.878E+05        4.230E+05   4.773E+31   4.132E+26   0.000E+00
     377   1.888E+05        4.217E+05   4.716E+31   3.834E+26   0.000E+00
     378   1.898E+05        4.205E+05   4.659E+31   3.618E+26   0.000E+00
     379   1.907E+05        4.192E+05   4.603E+31   3.421E+26   0.000E+00
     380   1.917E+05        4.179E+05   4.548E+31   3.241E+26   0.000E+00
     381   1.927E+05        4.167E+05   4.494E+31   3.077E+26   0.000E+00
     382   1.937E+05        4.154E+05   4.440E+31   2.927E+26   0.000E+00
     383   1.947E+05        4.142E+05   4.387E+31   2.789E+26   0.000E+00
     384   1.957E+05        4.129E+05   4.335E+31   2.663E+26   0.000E+00
     385   1.967E+05        4.117E+05   4.284E+31   2.547E+26   0.000E+00
     386   1.977E+05        4.105E+05   4.232E+31   2.440E+26   0.000E+00
     387   1.987E+05        4.093E+05   4.182E+31   2.343E+26   0.000E+00
     388   1.997E+05        4.080E+05   4.132E+31   2.253E+26   0.000E+00
     389   2.007E+05        4.068E+05   4.083E+31   2.170E+26   0.000E+00
     390   2.017E+05        4.056E+05   4.035E+31   2.093E+26   0.000E+00
     391   2.027E+05        4.044E+05   3.987E+31   2.022E+26   0.000E+00
     392   2.037E+05        4.032E+05   3.939E+31   1.957E+26   0.000E+00
     393   2.047E+05        4.020E+05   3.893E+31   1.896E+26   0.000E+00
     394   2.057E+05        4.008E+05   3.847E+31   1.839E+26   0.000E+00
     395   2.067E+05        3.996E+05   3.801E+31   1.786E+26   0.000E+00
     396   2.077E+05        3.984E+05   3.756E+31   1.736E+26   0.000E+00
     397   2.087E+05        3.972E+05   3.712E+31   1.690E+26   0.000E+00
     398   2.097E+05        3.960E+05   3.668E+31   1.646E+26   0.000E+00
     399   2.107E+05        3.949E+05   3.624E+31   1.604E+26   0.000E+00
     400   2.117E+05        3.937E+05   3.582E+31   1.565E+26   0.000E+00
     401   2.127E+05        3.925E+05   3.539E+31   1.528E+26   0.000E+00
     402   2.137E+05        3.914E+05   3.498E+31   1.493E+26   0.000E+00
     403   2.147E+05        3.902E+05   3.457E+31   1.459E+26   0.000E+00
     404   2.157E+05        3.891E+05   3.416E+31   1.427E+26   0.000E+00
     405   2.167E+05        3.879E+05   3.376E+31   1.396E+26   0.000E+00
     406   2.177E+05        3.868E+05   3.336E+31   1.366E+26   0.000E+00
     407   2.187E+05        3.856E+05   3.297E+31   1.337E+26   0.000E+00
     408   2.197E+05        3.845E+05   3.258E+31   1.309E+26   0.000E+00
     409   2.207E+05        3.834E+05   3.220E+31   1.282E+26   0.000E+00
     410   2.217E+05        3.822E+05   3.182E+31   1.255E+26   0.000E+00
     411   2.227E+05        3.811E+05   3.145E+31   1.230E+26   0.000E+00
     412   2.237E+05        3.800E+05   3.108E+31   1.204E+26   0.000E+00
     413   2.247E+05        3.789E+05   3.072E+31   1.180E+26   0.000E+00
     414   2.257E+05        3.778E+05   3.036E+31   1.156E+26   0.000E+00
     415   2.267E+05        3.766E+05   3.000E+31   1.132E+26   0.000E+00
     416   2.277E+05        3.755E+05   2.965E+31   1.109E+26   0.000E+00
     417   2.287E+05        3.744E+05   2.931E+31   1.087E+26   0.000E+00
     418   2.297E+05        3.733E+05   2.897E+31   1.064E+26   0.000E+00
     419   2.307E+05        3.723E+05   2.863E+31   1.042E+26   0.000E+00
     420   2.317E+05        3.712E+05   2.830E+31   1.021E+26   0.000E+00
     421   2.327E+05        3.701E+05   2.797E+31   9.993E+25   0.000E+00
     422   2.337E+05        3.690E+05   2.764E+31   9.782E+25   0.000E+00
     423   2.347E+05        3.679E+05   2.732E+31   9.574E+25   0.000E+00
     424   2.357E+05        3.669E+05   2.700E+31   9.369E+25   0.000E+00
     425   2.367E+05        3.658E+05   2.669E+31   9.167E+25   0.000E+00
     426   2.377E+05        3.647E+05   2.638E+31   8.967E+25   0.000E+00
     427   2.387E+05        3.637E+05   2.608E+31   8.769E+25   0.000E+00
     428   2.397E+05        3.626E+05   2.577E+31   8.575E+25   0.000E+00
     429   2.407E+05        3.616E+05   2.548E+31   8.382E+25   0.000E+00
     430   2.417E+05        3.605E+05   2.518E+31   8.192E+25   0.000E+00
     431   2.427E+05        3.595E+05   2.489E+31   8.005E+25   0.000E+00
     432   2.437E+05        3.584E+05   2.461E+31   7.820E+25   0.000E+00
     433   2.446E+05        3.574E+05   2.432E+31   7.637E+25   0.000E+00
     434   2.456E+05        3.564E+05   2.404E+31   7.457E+25   0.000E+00
     435   2.466E+05        3.553E+05   2.376E+31   7.280E+25   0.000E+00
     436   2.476E+05        3.543E+05   2.349E+31   7.104E+25   0.000E+00
     437   2.486E+05        3.533E+05   2.322E+31   6.932E+25   0.000E+00
     438   2.496E+05        3.523E+05   2.296E+31   6.762E+25   0.000E+00
     439   2.506E+05        3.512E+05   2.269E+31   6.594E+25   0.000E+00
     440   2.516E+05        3.502E+05   2.243E+31   6.429E+25   0.000E+00
     441   2.526E+05        3.492E+05   2.218E+31   6.266E+25   0.000E+00
     442   2.536E+05        3.482E+05   2.192E+31   6.106E+25   0.000E+00
     443   2.546E+05        3.472E+05   2.167E+31   5.949E+25   0.000E+00
     444   2.556E+05        3.462E+05   2.142E+31   5.794E+25   0.000E+00
     445   2.566E+05        3.452E+05   2.118E+31   5.642E+25   0.000E+00
     446   2.576E+05        3.442E+05   2.094E+31   5.492E+25   0.000E+00
     447   2.586E+05        3.433E+05   2.070E+31   5.345E+25   0.000E+00
     448   2.596E+05        3.423E+05   2.046E+31   5.201E+25   0.000E+00
     449   2.606E+05        3.413E+05   2.023E+31   5.059E+25   0.000E+00
     450   2.616E+05        3.403E+05   2.000E+31   4.920E+25   0.000E+00
     451   2.626E+05        3.394E+05   1.977E+31   4.784E+25   0.000E+00
     452   2.636E+05        3.384E+05   1.955E+31   4.650E+25   0.000E+00
     453   2.646E+05        3.374E+05   1.933E+31   4.519E+25   0.000E+00
     454   2.656E+05        3.365E+05   1.911E+31   4.390E+25   0.000E+00
     455   2.666E+05        3.355E+05   1.889E+31   4.264E+25   0.000E+00
     456   2.676E+05        3.345E+05   1.868E+31   4.141E+25   0.000E+00
     457   2.686E+05        3.336E+05   1.846E+31   4.020E+25   0.000E+00
     458   2.696E+05        3.327E+05   1.826E+31   3.902E+25   0.000E+00
     459   2.706E+05        3.317E+05   1.805E+31   3.787E+25   0.000E+00
     460   2.716E+05        3.308E+05   1.785E+31   3.674E+25   0.000E+00
     461   2.726E+05        3.298E+05   1.764E+31   3.563E+25   0.000E+00
     462   2.736E+05        3.289E+05   1.745E+31   3.455E+25   0.000E+00
     463   2.746E+05        3.280E+05   1.725E+31   3.350E+25   0.000E+00
     464   2.756E+05        3.270E+05   1.705E+31   3.247E+25   0.000E+00
     465   2.766E+05        3.261E+05   1.686E+31   3.146E+25   0.000E+00
     466   2.776E+05        3.252E+05   1.667E+31   3.048E+25   0.000E+00
     467   2.786E+05        3.243E+05   1.649E+31   2.952E+25   0.000E+00
     468   2.796E+05        3.234E+05   1.630E+31   2.859E+25   0.000E+00
     469   2.806E+05        3.225E+05   1.612E+31   2.768E+25   0.000E+00
     470   2.816E+05        3.216E+05   1.594E+31   2.679E+25   0.000E+00
     471   2.826E+05        3.206E+05   1.576E+31   2.593E+25   0.000E+00
     472   2.836E+05        3.197E+05   1.558E+31   2.508E+25   0.000E+00
     473   2.846E+05        3.188E+05   1.541E+31   2.426E+25   0.000E+00
     474   2.856E+05        3.180E+05   1.524E+31   2.347E+25   0.000E+00
     475   2.866E+05        3.171E+05   1.507E+31   2.269E+25   0.000E+00
     476   2.876E+05        3.162E+05   1.490E+31   2.193E+25   0.000E+00
     477   2.886E+05        3.153E+05   1.473E+31   2.120E+25   0.000E+00
     478   2.896E+05        3.144E+05   1.457E+31   2.048E+25   0.000E+00
     479   2.906E+05        3.135E+05   1.441E+31   1.979E+25   0.000E+00
     480   2.916E+05        3.127E+05   1.425E+31   1.911E+25   0.000E+00
     481   2.926E+05        3.118E+05   1.409E+31   1.845E+25   0.000E+00
     482   2.936E+05        3.109E+05   1.393E+31   1.782E+25   0.000E+00
     483   2.946E+05        3.100E+05   1.378E+31   1.720E+25   0.000E+00
     484   2.956E+05        3.092E+05   1.362E+31   1.660E+25   0.000E+00
     485   2.966E+05        3.083E+05   1.347E+31   1.601E+25   0.000E+00
     486   2.976E+05        3.075E+05   1.332E+31   1.545E+25   0.000E+00
     487   2.986E+05        3.066E+05   1.318E+31   1.490E+25   0.000E+00
     488   2.995E+05        3.058E+05   1.303E+31   1.437E+25   0.000E+00
     489   3.005E+05        3.049E+05   1.289E+31   1.385E+25   0.000E+00
     490   3.015E+05        3.041E+05   1.274E+31   1.335E+25   0.000E+00
     491   3.025E+05        3.032E+05   1.260E+31   1.286E+25   0.000E+00
     492   3.035E+05        3.024E+05   1.246E+31   1.239E+25   0.000E+00
     493   3.045E+05        3.015E+05   1.233E+31   1.194E+25   0.000E+00
     494   3.055E+05        3.007E+05   1.219E+31   1.150E+25   0.000E+00
     495   3.065E+05        2.999E+05   1.206E+31   1.107E+25   0.000E+00
     496   3.075E+05        2.991E+05   1.193E+31   1.066E+25   0.000E+00
     497   3.085E+05        2.982E+05   1.179E+31   1.026E+25   0.000E+00
     498   3.095E+05        2.974E+05   1.166E+31   9.873E+24   0.000E+00
     499   3.105E+05        2.966E+05   1.154E+31   9.500E+24   0.000E+00
     500   3.115E+05        2.958E+05   1.141E+31   9.138E+24   0.000E+00
     501   3.125E+05        2.950E+05   1.129E+31   8.789E+24   0.000E+00
     502   3.135E+05        2.942E+05   1.116E+31   8.452E+24   0.000E+00
     503   3.145E+05        2.933E+05   1.104E+31   8.125E+24   0.000E+00
     504   3.155E+05        2.925E+05   1.092E+31   7.810E+24   0.000E+00
     505   3.165E+05        2.917E+05   1.080E+31   7.506E+24   0.000E+00
     506   3.175E+05        2.909E+05   1.068E+31   7.212E+24   0.000E+00
     507   3.185E+05        2.901E+05   1.057E+31   6.929E+24   0.000E+00
     508   3.195E+05        2.893E+05   1.045E+31   6.655E+24   0.000E+00
     509   3.205E+05        2.886E+05   1.034E+31   6.391E+24   0.000E+00
     510   3.215E+05        2.878E+05   1.022E+31   6.136E+24   0.000E+00
     511   3.225E+05        2.870E+05   1.011E+31   5.890E+24   0.000E+00
     512   3.235E+05        2.862E+05   1.000E+31   5.653E+24   0.000E+00
     513   3.245E+05        2.854E+05   9.894E+30   5.425E+24   0.000E+00
     514   3.255E+05        2.846E+05   9.786E+30   5.205E+24   0.000E+00
     515   3.265E+05        2.839E+05   9.680E+30   4.992E+24   0.000E+00
     516   3.275E+05        2.831E+05   9.575E+30   4.788E+24   0.000E+00
     517   3.285E+05        2.823E+05   9.472E+30   4.591E+24   0.000E+00
     518   3.295E+05        2.816E+05   9.369E+30   4.401E+24   0.000E+00
     519   3.305E+05        2.808E+05   9.268E+30   4.219E+24   0.000E+00
     520   3.315E+05        2.800E+05   9.167E+30   4.043E+24   0.000E+00
     521   3.325E+05        2.793E+05   9.068E+30   3.874E+24   0.000E+00
     522   3.335E+05        2.785E+05   8.970E+30   3.711E+24   0.000E+00
     523   3.345E+05        2.778E+05   8.874E+30   3.555E+24   0.000E+00
     524   3.355E+05        2.770E+05   8.778E+30   3.404E+24   0.000E+00
     525   3.365E+05        2.763E+05   8.683E+30   3.259E+24   0.000E+00
     526   3.375E+05        2.755E+05   8.590E+30   3.120E+24   0.000E+00
     527   3.385E+05        2.748E+05   8.497E+30   2.986E+24   0.000E+00
     528   3.395E+05        2.740E+05   8.406E+30   2.858E+24   0.000E+00
     529   3.405E+05        2.733E+05   8.316E+30   2.734E+24   0.000E+00
     530   3.415E+05        2.725E+05   8.226E+30   2.616E+24   0.000E+00
     531   3.425E+05        2.718E+05   8.138E+30   2.502E+24   0.000E+00
     532   3.435E+05        2.711E+05   8.051E+30   2.392E+24   0.000E+00
     533   3.445E+05        2.704E+05   7.965E+30   2.287E+24   0.000E+00
     534   3.455E+05        2.696E+05   7.879E+30   2.186E+24   0.000E+00
     535   3.465E+05        2.689E+05   7.795E+30   2.089E+24   0.000E+00
     536   3.475E+05        2.682E+05   7.712E+30   1.997E+24   0.000E+00
     537   3.485E+05        2.675E+05   7.629E+30   1.908E+24   0.000E+00
     538   3.495E+05        2.667E+05   7.548E+30   1.822E+24   0.000E+00
     539   3.505E+05        2.660E+05   7.467E+30   1.740E+24   0.000E+00
     540   3.515E+05        2.653E+05   7.387E+30   1.662E+24   0.000E+00
     541   3.525E+05        2.646E+05   7.309E+30   1.587E+24   0.000E+00
     542   3.535E+05        2.639E+05   7.231E+30   1.514E+24   0.000E+00
     543   3.544E+05        2.632E+05   7.154E+30   1.445E+24   0.000E+00
     544   3.554E+05        2.625E+05   7.078E+30   1.379E+24   0.000E+00
     545   3.564E+05        2.618E+05   7.002E+30   1.316E+24   0.000E+00
     546   3.574E+05        2.611E+05   6.928E+30   1.255E+24   0.000E+00
     547   3.584E+05        2.604E+05   6.854E+30   1.197E+24   0.000E+00
     548   3.594E+05        2.597E+05   6.782E+30   1.142E+24   0.000E+00
     549   3.604E+05        2.590E+05   6.710E+30   1.088E+24   0.000E+00
     550   3.614E+05        2.583E+05   6.638E+30   1.037E+24   0.000E+00
     551   3.624E+05        2.576E+05   6.568E+30   9.888E+23   0.000E+00
     552   3.634E+05        2.569E+05   6.499E+30   9.422E+23   0.000E+00
     553   3.644E+05        2.563E+05   6.430E+30   8.977E+23   0.000E+00
     554   3.654E+05        2.556E+05   6.362E+30   8.552E+23   0.000E+00
     555   3.664E+05        2.549E+05   6.295E+30   8.145E+23   0.000E+00
     556   3.674E+05        2.542E+05   6.228E+30   7.756E+23   0.000E+00
     557   3.684E+05        2.536E+05   6.162E+30   7.385E+23   0.000E+00
     558   3.694E+05        2.529E+05   6.097E+30   7.030E+23   0.000E+00
     559   3.704E+05        2.522E+05   6.033E+30   6.692E+23   0.000E+00
     560   3.714E+05        2.516E+05   5.970E+30   6.368E+23   0.000E+00
     561   3.724E+05        2.509E+05   5.907E+30   6.060E+23   0.000E+00
     562   3.734E+05        2.502E+05   5.845E+30   5.765E+23   0.000E+00
     563   3.744E+05        2.496E+05   5.783E+30   5.484E+23   0.000E+00
     564   3.754E+05        2.489E+05   5.722E+30   5.215E+23   0.000E+00
     565   3.764E+05        2.482E+05   5.662E+30   4.959E+23   0.000E+00
     566   3.774E+05        2.476E+05   5.603E+30   4.715E+23   0.000E+00
     567   3.784E+05        2.469E+05   5.544E+30   4.482E+23   0.000E+00
     568   3.794E+05        2.463E+05   5.486E+30   4.260E+23   0.000E+00
     569   3.804E+05        2.456E+05   5.428E+30   4.049E+23   0.000E+00
     570   3.814E+05        2.450E+05   5.372E+30   3.847E+23   0.000E+00
     571   3.824E+05        2.444E+05   5.315E+30   3.655E+23   0.000E+00
     572   3.834E+05        2.437E+05   5.260E+30   3.472E+23   0.000E+00
     573   3.844E+05        2.431E+05   5.205E+30   3.298E+23   0.000E+00
     574   3.854E+05        2.424E+05   5.150E+30   3.132E+23   0.000E+00
     575   3.864E+05        2.418E+05   5.097E+30   2.974E+23   0.000E+00
     576   3.874E+05        2.412E+05   5.043E+30   2.823E+23   0.000E+00
     577   3.884E+05        2.405E+05   4.991E+30   2.680E+23   0.000E+00
     578   3.894E+05        2.399E+05   4.939E+30   2.544E+23   0.000E+00
     579   3.904E+05        2.393E+05   4.887E+30   2.414E+23   0.000E+00
     580   3.914E+05        2.387E+05   4.837E+30   2.291E+23   0.000E+00
     581   3.924E+05        2.380E+05   4.786E+30   2.173E+23   0.000E+00
     582   3.934E+05        2.374E+05   4.736E+30   2.062E+23   0.000E+00
     583   3.944E+05        2.368E+05   4.687E+30   1.956E+23   0.000E+00
     584   3.954E+05        2.362E+05   4.639E+30   1.855E+23   0.000E+00
     585   3.964E+05        2.356E+05   4.590E+30   1.759E+23   0.000E+00
     586   3.974E+05        2.349E+05   4.543E+30   1.668E+23   0.000E+00
     587   3.984E+05        2.343E+05   4.496E+30   1.582E+23   0.000E+00
     588   3.994E+05        2.337E+05   4.449E+30   1.499E+23   0.000E+00
     589   4.004E+05        2.331E+05   4.403E+30   1.421E+23   0.000E+00
     590   4.014E+05        2.325E+05   4.357E+30   1.347E+23   0.000E+00
     591   4.024E+05        2.319E+05   4.312E+30   1.277E+23   0.000E+00
     592   4.034E+05        2.313E+05   4.268E+30   1.210E+23   0.000E+00
     593   4.044E+05        2.307E+05   4.224E+30   1.147E+23   0.000E+00
     594   4.054E+05        2.301E+05   4.180E+30   1.087E+23   0.000E+00
     595   4.064E+05        2.295E+05   4.137E+30   1.029E+23   0.000E+00
     596   4.074E+05        2.289E+05   4.094E+30   9.753E+22   0.000E+00
     597   4.084E+05        2.283E+05   4.052E+30   9.239E+22   0.000E+00
     598   4.093E+05        2.277E+05   4.010E+30   8.752E+22   0.000E+00
     599   4.103E+05        2.271E+05   3.969E+30   8.290E+22   0.000E+00
     600   4.113E+05        2.266E+05   3.928E+30   7.852E+22   0.000E+00
     601   4.123E+05        2.260E+05   3.888E+30   7.437E+22   0.000E+00
     602   4.133E+05        2.254E+05   3.848E+30   7.043E+22   0.000E+00
     603   4.143E+05        2.248E+05   3.808E+30   6.670E+22   0.000E+00
     604   4.153E+05        2.242E+05   3.769E+30   6.317E+22   0.000E+00
     605   4.163E+05        2.237E+05   3.731E+30   5.982E+22   0.000E+00
     606   4.173E+05        2.231E+05   3.692E+30   5.664E+22   0.000E+00
     607   4.183E+05        2.225E+05   3.654E+30   5.364E+22   0.000E+00
     608   4.193E+05        2.219E+05   3.617E+30   5.079E+22   0.000E+00
     609   4.203E+05        2.214E+05   3.580E+30   4.810E+22   0.000E+00
     610   4.213E+05        2.208E+05   3.543E+30   4.554E+22   0.000E+00
     611   4.223E+05        2.202E+05   3.507E+30   4.313E+22   0.000E+00
     612   4.233E+05        2.197E+05   3.471E+30   4.084E+22   0.000E+00
     613   4.243E+05        2.191E+05   3.436E+30   3.867E+22   0.000E+00
     614   4.253E+05        2.185E+05   3.401E+30   3.662E+22   0.000E+00
     615   4.263E+05        2.180E+05   3.366E+30   3.468E+22   0.000E+00
     616   4.273E+05        2.174E+05   3.332E+30   3.285E+22   0.000E+00
     617   4.283E+05        2.169E+05   3.298E+30   3.111E+22   0.000E+00
     618   4.293E+05        2.163E+05   3.264E+30   2.947E+22   0.000E+00
     619   4.303E+05        2.158E+05   3.231E+30   2.791E+22   0.000E+00
     620   4.313E+05        2.152E+05   3.198E+30   2.644E+22   0.000E+00
     621   4.323E+05        2.147E+05   3.165E+30   2.505E+22   0.000E+00
     622   4.333E+05        2.141E+05   3.133E+30   2.373E+22   0.000E+00
     623   4.343E+05        2.136E+05   3.101E+30   2.249E+22   0.000E+00
     624   4.353E+05        2.130E+05   3.070E+30   2.131E+22   0.000E+00
     625   4.363E+05        2.125E+05   3.039E+30   2.020E+22   0.000E+00
     626   4.373E+05        2.119E+05   3.008E+30   1.914E+22   0.000E+00
     627   4.383E+05        2.114E+05   2.977E+30   1.815E+22   0.000E+00
     628   4.393E+05        2.109E+05   2.947E+30   1.720E+22   0.000E+00
     629   4.403E+05        2.103E+05   2.917E+30   1.631E+22   0.000E+00
     630   4.413E+05        2.098E+05   2.888E+30   1.547E+22   0.000E+00
     631   4.423E+05        2.093E+05   2.858E+30   1.467E+22   0.000E+00
     632   4.433E+05        2.087E+05   2.829E+30   1.392E+22   0.000E+00
     633   4.443E+05        2.082E+05   2.801E+30   1.321E+22   0.000E+00
     634   4.453E+05        2.077E+05   2.772E+30   1.253E+22   0.000E+00
     635   4.463E+05        2.071E+05   2.744E+30   1.189E+22   0.000E+00
     636   4.473E+05        2.066E+05   2.717E+30   1.129E+22   0.000E+00
     637   4.483E+05        2.061E+05   2.689E+30   1.072E+22   0.000E+00
     638   4.493E+05        2.056E+05   2.662E+30   1.018E+22   0.000E+00
     639   4.503E+05        2.050E+05   2.635E+30   9.670E+21   0.000E+00
     640   4.513E+05        2.045E+05   2.609E+30   9.187E+21   0.000E+00
     641   4.523E+05        2.040E+05   2.582E+30   8.730E+21   0.000E+00
     642   4.533E+05        2.035E+05   2.556E+30   8.298E+21   0.000E+00
     643   4.543E+05        2.030E+05   2.531E+30   7.888E+21   0.000E+00
     644   4.553E+05        2.025E+05   2.505E+30   7.501E+21   0.000E+00
     645   4.563E+05        2.020E+05   2.480E+30   7.134E+21   0.000E+00
     646   4.573E+05        2.014E+05   2.455E+30   6.787E+21   0.000E+00
     647   4.583E+05        2.009E+05   2.430E+30   6.459E+21   0.000E+00
     648   4.593E+05        2.004E+05   2.406E+30   6.148E+21   0.000E+00
     649   4.603E+05        1.999E+05   2.382E+30   5.853E+21   0.000E+00
     650   4.613E+05        1.994E+05   2.358E+30   5.574E+21   0.000E+00
     651   4.623E+05        1.989E+05   2.334E+30   5.310E+21   0.000E+00
     652   4.632E+05        1.984E+05   2.311E+30   5.059E+21   0.000E+00
     653   4.642E+05        1.979E+05   2.288E+30   4.822E+21   0.000E+00
     654   4.652E+05        1.974E+05   2.265E+30   4.597E+21   0.000E+00
     655   4.662E+05        1.969E+05   2.242E+30   4.383E+21   0.000E+00
     656   4.672E+05        1.964E+05   2.220E+30   4.181E+21   0.000E+00
     657   4.682E+05        1.959E+05   2.198E+30   3.989E+21   0.000E+00
     658   4.692E+05        1.954E+05   2.176E+30   3.807E+21   0.000E+00
     659   4.702E+05        1.950E+05   2.154E+30   3.634E+21   0.000E+00
     660   4.712E+05        1.945E+05   2.132E+30   3.470E+21   0.000E+00
     661   4.722E+05        1.940E+05   2.111E+30   3.314E+21   0.000E+00
     662   4.732E+05        1.935E+05   2.090E+30   3.166E+21   0.000E+00
     663   4.742E+05        1.930E+05   2.069E+30   3.026E+21   0.000E+00
     664   4.752E+05        1.925E+05   2.048E+30   2.892E+21   0.000E+00
     665   4.762E+05        1.920E+05   2.028E+30   2.765E+21   0.000E+00
     666   4.772E+05        1.916E+05   2.008E+30   2.645E+21   0.000E+00
     667   4.782E+05        1.911E+05   1.988E+30   2.530E+21   0.000E+00
     668   4.792E+05        1.906E+05   1.968E+30   2.421E+21   0.000E+00
     669   4.802E+05        1.901E+05   1.948E+30   2.317E+21   0.000E+00
     670   4.812E+05        1.897E+05   1.929E+30   2.218E+21   0.000E+00
     671   4.822E+05        1.892E+05   1.910E+30   2.124E+21   0.000E+00
     672   4.832E+05        1.887E+05   1.891E+30   2.035E+21   0.000E+00
     673   4.842E+05        1.882E+05   1.872E+30   1.949E+21   0.000E+00
     674   4.852E+05        1.878E+05   1.853E+30   1.868E+21   0.000E+00
     675   4.862E+05        1.873E+05   1.835E+30   1.791E+21   0.000E+00
     676   4.872E+05        1.868E+05   1.817E+30   1.717E+21   0.000E+00
     677   4.882E+05        1.864E+05   1.799E+30   1.646E+21   0.000E+00
     678   4.892E+05        1.859E+05   1.781E+30   1.579E+21   0.000E+00
     679   4.902E+05        1.854E+05   1.763E+30   1.515E+21   0.000E+00
     680   4.912E+05        1.850E+05   1.746E+30   1.454E+21   0.000E+00
     681   4.922E+05        1.845E+05   1.728E+30   1.395E+21   0.000E+00
     682   4.932E+05        1.841E+05   1.711E+30   1.339E+21   0.000E+00
     683   4.942E+05        1.836E+05   1.694E+30   1.286E+21   0.000E+00
     684   4.952E+05        1.832E+05   1.678E+30   1.235E+21   0.000E+00
     685   4.962E+05        1.827E+05   1.661E+30   1.186E+21   0.000E+00
     686   4.972E+05        1.822E+05   1.645E+30   1.139E+21   0.000E+00
     687   4.982E+05        1.818E+05   1.628E+30   1.095E+21   0.000E+00
     688   4.992E+05        1.813E+05   1.612E+30   1.052E+21   0.000E+00
     689   5.002E+05        1.809E+05   1.596E+30   1.011E+21   0.000E+00
     690   5.012E+05        1.804E+05   1.581E+30   9.719E+20   0.000E+00
     691   5.022E+05        1.800E+05   1.565E+30   9.344E+20   0.000E+00
     692   5.032E+05        1.795E+05   1.549E+30   8.985E+20   0.000E+00
     693   5.042E+05        1.791E+05   1.534E+30   8.640E+20   0.000E+00
     694   5.052E+05        1.787E+05   1.519E+30   8.310E+20   0.000E+00
     695   5.062E+05        1.782E+05   1.504E+30   7.994E+20   0.000E+00
     696   5.072E+05        1.778E+05   1.489E+30   7.691E+20   0.000E+00
     697   5.082E+05        1.773E+05   1.475E+30   7.400E+20   0.000E+00
     698   5.092E+05        1.769E+05   1.460E+30   7.121E+20   0.000E+00
     699   5.102E+05        1.765E+05   1.446E+30   6.853E+20   0.000E+00
     700   5.112E+05        1.760E+05   1.431E+30   6.596E+20   0.000E+00
     701   5.122E+05        1.756E+05   1.417E+30   6.349E+20   0.000E+00
     702   5.132E+05        1.752E+05   1.403E+30   6.112E+20   0.000E+00
     703   5.142E+05        1.747E+05   1.390E+30   5.884E+20   0.000E+00
     704   5.152E+05        1.743E+05   1.376E+30   5.666E+20   0.000E+00
     705   5.162E+05        1.739E+05   1.362E+30   5.455E+20   0.000E+00
     706   5.172E+05        1.734E+05   1.349E+30   5.254E+20   0.000E+00
     707   5.181E+05        1.730E+05   1.336E+30   5.060E+20   0.000E+00
     708   5.191E+05        1.726E+05   1.323E+30   4.873E+20   0.000E+00
     709   5.201E+05        1.722E+05   1.310E+30   4.694E+20   0.000E+00
     710   5.211E+05        1.717E+05   1.297E+30   4.521E+20   0.000E+00
     711   5.221E+05        1.713E+05   1.284E+30   4.355E+20   0.000E+00
     712   5.231E+05        1.709E+05   1.271E+30   4.196E+20   0.000E+00
     713   5.241E+05        1.705E+05   1.259E+30   4.042E+20   0.000E+00
     714   5.251E+05        1.700E+05   1.247E+30   3.895E+20   0.000E+00
     715   5.261E+05        1.696E+05   1.234E+30   3.752E+20   0.000E+00
     716   5.271E+05        1.692E+05   1.222E+30   3.616E+20   0.000E+00
     717   5.281E+05        1.688E+05   1.210E+30   3.484E+20   0.000E+00
     718   5.291E+05        1.684E+05   1.198E+30   3.357E+20   0.000E+00
     719   5.301E+05        1.680E+05   1.187E+30   3.235E+20   0.000E+00
     720   5.311E+05        1.676E+05   1.175E+30   3.118E+20   0.000E+00
     721   5.321E+05        1.671E+05   1.163E+30   3.005E+20   0.000E+00
     722   5.331E+05        1.667E+05   1.152E+30   2.896E+20   0.000E+00
     723   5.341E+05        1.663E+05   1.141E+30   2.791E+20   0.000E+00
     724   5.351E+05        1.659E+05   1.130E+30   2.690E+20   0.000E+00
     725   5.361E+05        1.655E+05   1.119E+30   2.592E+20   0.000E+00
     726   5.371E+05        1.651E+05   1.108E+30   2.498E+20   0.000E+00
     727   5.381E+05        1.647E+05   1.097E+30   2.408E+20   0.000E+00
     728   5.391E+05        1.643E+05   1.086E+30   2.321E+20   0.000E+00
     729   5.401E+05        1.639E+05   1.075E+30   2.237E+20   0.000E+00
     730   5.411E+05        1.635E+05   1.065E+30   2.156E+20   0.000E+00
     731   5.421E+05        1.631E+05   1.054E+30   2.079E+20   0.000E+00
     732   5.431E+05        1.627E+05   1.044E+30   2.003E+20   0.000E+00
     733   5.441E+05        1.623E+05   1.034E+30   1.931E+20   0.000E+00
     734   5.451E+05        1.619E+05   1.024E+30   1.861E+20   0.000E+00
     735   5.461E+05        1.615E+05   1.014E+30   1.794E+20   0.000E+00
     736   5.471E+05        1.611E+05   1.004E+30   1.729E+20   0.000E+00
     737   5.481E+05        1.607E+05   9.941E+29   1.667E+20   0.000E+00
     738   5.491E+05        1.603E+05   9.844E+29   1.607E+20   0.000E+00
     739   5.501E+05        1.599E+05   9.748E+29   1.549E+20   0.000E+00
     740   5.511E+05        1.595E+05   9.653E+29   1.493E+20   0.000E+00
     741   5.521E+05        1.591E+05   9.559E+29   1.439E+20   0.000E+00
     742   5.531E+05        1.587E+05   9.465E+29   1.387E+20   0.000E+00
     743   5.541E+05        1.583E+05   9.373E+29   1.337E+20   0.000E+00
     744   5.551E+05        1.580E+05   9.281E+29   1.289E+20   0.000E+00
     745   5.561E+05        1.576E+05   9.191E+29   1.242E+20   0.000E+00
     746   5.571E+05        1.572E+05   9.101E+29   1.197E+20   0.000E+00
     747   5.581E+05        1.568E+05   9.012E+29   1.154E+20   0.000E+00
     748   5.591E+05        1.564E+05   8.924E+29   1.112E+20   0.000E+00
     749   5.601E+05        1.560E+05   8.837E+29   1.072E+20   0.000E+00
     750   5.611E+05        1.557E+05   8.751E+29   1.033E+20   0.000E+00
     751   5.621E+05        1.553E+05   8.666E+29   9.960E+19   0.000E+00
     752   5.631E+05        1.549E+05   8.581E+29   9.600E+19   0.000E+00
     753   5.641E+05        1.545E+05   8.498E+29   9.252E+19   0.000E+00
     754   5.651E+05        1.541E+05   8.415E+29   8.917E+19   0.000E+00
     755   5.661E+05        1.538E+05   8.333E+29   8.594E+19   0.000E+00
     756   5.671E+05        1.534E+05   8.251E+29   8.283E+19   0.000E+00
     757   5.681E+05        1.530E+05   8.171E+29   7.982E+19   0.000E+00
     758   5.691E+05        1.526E+05   8.091E+29   7.693E+19   0.000E+00
     759   5.701E+05        1.523E+05   8.012E+29   7.414E+19   0.000E+00
     760   5.711E+05        1.519E+05   7.934E+29   7.145E+19   0.000E+00
     761   5.721E+05        1.515E+05   7.857E+29   6.885E+19   0.000E+00
     762   5.730E+05        1.511E+05   7.780E+29   6.635E+19   0.000E+00
     763   5.740E+05        1.508E+05   7.705E+29   6.394E+19   0.000E+00
     764   5.750E+05        1.504E+05   7.629E+29   6.161E+19   0.000E+00
     765   5.760E+05        1.500E+05   7.555E+29   5.937E+19   0.000E+00
     766   5.770E+05        1.497E+05   7.481E+29   5.721E+19   0.000E+00
     767   5.780E+05        1.493E+05   7.408E+29   5.512E+19   0.000E+00
     768   5.790E+05        1.489E+05   7.336E+29   5.312E+19   0.000E+00
     769   5.800E+05        1.486E+05   7.265E+29   5.118E+19   0.000E+00
     770   5.810E+05        1.482E+05   7.194E+29   4.931E+19   0.000E+00
     771   5.820E+05        1.478E+05   7.124E+29   4.751E+19   0.000E+00
     772   5.830E+05        1.475E+05   7.054E+29   4.578E+19   0.000E+00
     773   5.840E+05        1.471E+05   6.986E+29   4.410E+19   0.000E+00
     774   5.850E+05        1.468E+05   6.917E+29   4.249E+19   0.000E+00
     775   5.860E+05        1.464E+05   6.850E+29   4.094E+19   0.000E+00
     776   5.870E+05        1.460E+05   6.783E+29   3.944E+19   0.000E+00
     777   5.880E+05        1.457E+05   6.717E+29   3.799E+19   0.000E+00
     778   5.890E+05        1.453E+05   6.652E+29   3.660E+19   0.000E+00
     779   5.900E+05        1.450E+05   6.587E+29   3.526E+19   0.000E+00
     780   5.910E+05        1.446E+05   6.522E+29   3.396E+19   0.000E+00
     781   5.920E+05        1.443E+05   6.459E+29   3.272E+19   0.000E+00
     782   5.930E+05        1.439E+05   6.396E+29   3.151E+19   0.000E+00
     783   5.940E+05        1.436E+05   6.333E+29   3.035E+19   0.000E+00
     784   5.950E+05        1.432E+05   6.272E+29   2.924E+19   0.000E+00
     785   5.960E+05        1.429E+05   6.211E+29   2.816E+19   0.000E+00
     786   5.970E+05        1.425E+05   6.150E+29   2.712E+19   0.000E+00
     787   5.980E+05        1.422E+05   6.090E+29   2.612E+19   0.000E+00
     788   5.990E+05        1.418E+05   6.030E+29   2.516E+19   0.000E+00
     789   6.000E+05        1.415E+05   5.972E+29   2.423E+19   0.000E+00
     790   6.010E+05        1.411E+05   5.913E+29   2.333E+19   0.000E+00
     791   6.020E+05        1.408E+05   5.856E+29   2.247E+19   0.000E+00
     792   6.030E+05        1.404E+05   5.798E+29   2.164E+19   0.000E+00
     793   6.040E+05        1.401E+05   5.742E+29   2.084E+19   0.000E+00
     794   6.050E+05        1.397E+05   5.686E+29   2.007E+19   0.000E+00
     795   6.060E+05        1.394E+05   5.630E+29   1.932E+19   0.000E+00
     796   6.070E+05        1.391E+05   5.575E+29   1.860E+19   0.000E+00
     797   6.080E+05        1.387E+05   5.521E+29   1.791E+19   0.000E+00
     798   6.090E+05        1.384E+05   5.467E+29   1.725E+19   0.000E+00
     799   6.100E+05        1.380E+05   5.413E+29   1.661E+19   0.000E+00
     800   6.110E+05        1.377E+05   5.360E+29   1.599E+19   0.000E+00
     801   6.120E+05        1.374E+05   5.308E+29   1.539E+19   0.000E+00
     802   6.130E+05        1.370E+05   5.256E+29   1.482E+19   0.000E+00
     803   6.140E+05        1.367E+05   5.205E+29   1.426E+19   0.000E+00
     804   6.150E+05        1.364E+05   5.154E+29   1.373E+19   0.000E+00
     805   6.160E+05        1.360E+05   5.103E+29   1.322E+19   0.000E+00
     806   6.170E+05        1.357E+05   5.053E+29   1.272E+19   0.000E+00
     807   6.180E+05        1.354E+05   5.004E+29   1.225E+19   0.000E+00
     808   6.190E+05        1.350E+05   4.955E+29   1.179E+19   0.000E+00
     809   6.200E+05        1.347E+05   4.906E+29   1.135E+19   0.000E+00
     810   6.210E+05        1.344E+05   4.858E+29   1.092E+19   0.000E+00
     811   6.220E+05        1.340E+05   4.810E+29   1.051E+19   0.000E+00
     812   6.230E+05        1.337E+05   4.763E+29   1.011E+19   0.000E+00
     813   6.240E+05        1.334E+05   4.717E+29   9.733E+18   0.000E+00
     814   6.250E+05        1.330E+05   4.670E+29   9.366E+18   0.000E+00
     815   6.260E+05        1.327E+05   4.625E+29   9.013E+18   0.000E+00
     816   6.270E+05        1.324E+05   4.579E+29   8.673E+18   0.000E+00
     817   6.279E+05        1.321E+05   4.534E+29   8.345E+18   0.000E+00
     818   6.289E+05        1.317E+05   4.490E+29   8.029E+18   0.000E+00
     819   6.299E+05        1.314E+05   4.446E+29   7.725E+18   0.000E+00
     820   6.309E+05        1.311E+05   4.402E+29   7.433E+18   0.000E+00
     821   6.319E+05        1.308E+05   4.359E+29   7.151E+18   0.000E+00
     822   6.329E+05        1.304E+05   4.316E+29   6.879E+18   0.000E+00
     823   6.339E+05        1.301E+05   4.273E+29   6.618E+18   0.000E+00
     824   6.349E+05        1.298E+05   4.231E+29   6.366E+18   0.000E+00
     825   6.359E+05        1.295E+05   4.190E+29   6.124E+18   0.000E+00
     826   6.369E+05        1.292E+05   4.148E+29   5.890E+18   0.000E+00
     827   6.379E+05        1.288E+05   4.107E+29   5.665E+18   0.000E+00
     828   6.389E+05        1.285E+05   4.067E+29   5.449E+18   0.000E+00
     829   6.399E+05        1.282E+05   4.027E+29   5.241E+18   0.000E+00
     830   6.409E+05        1.279E+05   3.987E+29   5.040E+18   0.000E+00
     831   6.419E+05        1.276E+05   3.948E+29   4.847E+18   0.000E+00
     832   6.429E+05        1.272E+05   3.909E+29   4.661E+18   0.000E+00
     833   6.439E+05        1.269E+05   3.870E+29   4.482E+18   0.000E+00
     834   6.449E+05        1.266E+05   3.832E+29   4.310E+18   0.000E+00
     835   6.459E+05        1.263E+05   3.794E+29   4.144E+18   0.000E+00
     836   6.469E+05        1.260E+05   3.757E+29   3.984E+18   0.000E+00
     837   6.479E+05        1.257E+05   3.719E+29   3.831E+18   0.000E+00
     838   6.489E+05        1.254E+05   3.683E+29   3.683E+18   0.000E+00
     839   6.499E+05        1.251E+05   3.646E+29   3.541E+18   0.000E+00
     840   6.509E+05        1.247E+05   3.610E+29   3.404E+18   0.000E+00
     841   6.519E+05        1.244E+05   3.574E+29   3.272E+18   0.000E+00
     842   6.529E+05        1.241E+05   3.539E+29   3.145E+18   0.000E+00
     843   6.539E+05        1.238E+05   3.504E+29   3.023E+18   0.000E+00
     844   6.549E+05        1.235E+05   3.469E+29   2.905E+18   0.000E+00
     845   6.559E+05        1.232E+05   3.435E+29   2.792E+18   0.000E+00
     846   6.569E+05        1.229E+05   3.400E+29   2.684E+18   0.000E+00
     847   6.579E+05        1.226E+05   3.367E+29   2.579E+18   0.000E+00
     848   6.589E+05        1.223E+05   3.333E+29   2.478E+18   0.000E+00
     849   6.599E+05        1.220E+05   3.300E+29   2.381E+18   0.000E+00
     850   6.609E+05        1.217E+05   3.267E+29   2.288E+18   0.000E+00
     851   6.619E+05        1.214E+05   3.235E+29   2.198E+18   0.000E+00
     852   6.629E+05        1.211E+05   3.202E+29   2.112E+18   0.000E+00
     853   6.639E+05        1.208E+05   3.171E+29   2.029E+18   0.000E+00
     854   6.649E+05        1.205E+05   3.139E+29   1.949E+18   0.000E+00
     855   6.659E+05        1.202E+05   3.108E+29   1.873E+18   0.000E+00
     856   6.669E+05        1.199E+05   3.077E+29   1.799E+18   0.000E+00
     857   6.679E+05        1.196E+05   3.046E+29   1.728E+18   0.000E+00
     858   6.689E+05        1.193E+05   3.015E+29   1.659E+18   0.000E+00
     859   6.699E+05        1.190E+05   2.985E+29   1.594E+18   0.000E+00
     860   6.709E+05        1.187E+05   2.955E+29   1.531E+18   0.000E+00
     861   6.719E+05        1.184E+05   2.926E+29   1.470E+18   0.000E+00
     862   6.729E+05        1.181E+05   2.896E+29   1.411E+18   0.000E+00
     863   6.739E+05        1.178E+05   2.867E+29   1.355E+18   0.000E+00
     864   6.749E+05        1.175E+05   2.839E+29   1.301E+18   0.000E+00
     865   6.759E+05        1.172E+05   2.810E+29   1.249E+18   0.000E+00
     866   6.769E+05        1.169E+05   2.782E+29   1.199E+18   0.000E+00
     867   6.779E+05        1.166E+05   2.754E+29   1.151E+18   0.000E+00
     868   6.789E+05        1.163E+05   2.726E+29   1.105E+18   0.000E+00
     869   6.799E+05        1.160E+05   2.699E+29   1.061E+18   0.000E+00
     870   6.809E+05        1.157E+05   2.671E+29   1.018E+18   0.000E+00
     871   6.819E+05        1.154E+05   2.644E+29   9.773E+17   0.000E+00
     872   6.828E+05        1.151E+05   2.618E+29   9.379E+17   0.000E+00
     873   6.838E+05        1.148E+05   2.591E+29   9.001E+17   0.000E+00
     874   6.848E+05        1.145E+05   2.565E+29   8.637E+17   0.000E+00
     875   6.858E+05        1.142E+05   2.539E+29   8.287E+17   0.000E+00
     876   6.868E+05        1.139E+05   2.514E+29   7.952E+17   0.000E+00
     877   6.878E+05        1.137E+05   2.488E+29   7.629E+17   0.000E+00
     878   6.888E+05        1.134E+05   2.463E+29   7.319E+17   0.000E+00
     879   6.898E+05        1.131E+05   2.438E+29   7.021E+17   0.000E+00
     880   6.908E+05        1.128E+05   2.413E+29   6.735E+17   0.000E+00
     881   6.918E+05        1.125E+05   2.389E+29   6.460E+17   0.000E+00
     882   6.928E+05        1.122E+05   2.364E+29   6.195E+17   0.000E+00
     883   6.938E+05        1.119E+05   2.340E+29   5.942E+17   0.000E+00
     884   6.948E+05        1.116E+05   2.316E+29   5.698E+17   0.000E+00
     885   6.958E+05        1.114E+05   2.293E+29   5.464E+17   0.000E+00
     886   6.968E+05        1.111E+05   2.269E+29   5.239E+17   0.000E+00
     887   6.978E+05        1.108E+05   2.246E+29   5.023E+17   0.000E+00
     888   6.988E+05        1.105E+05   2.223E+29   4.816E+17   0.000E+00
     889   6.998E+05        1.102E+05   2.200E+29   4.617E+17   0.000E+00
     890   7.008E+05        1.099E+05   2.178E+29   4.425E+17   0.000E+00
     891   7.018E+05        1.097E+05   2.156E+29   4.242E+17   0.000E+00
     892   7.028E+05        1.094E+05   2.134E+29   4.066E+17   0.000E+00
     893   7.038E+05        1.091E+05   2.112E+29   3.896E+17   0.000E+00
     894   7.048E+05        1.088E+05   2.090E+29   3.734E+17   0.000E+00
     895   7.058E+05        1.085E+05   2.068E+29   3.578E+17   0.000E+00
     896   7.068E+05        1.082E+05   2.047E+29   3.428E+17   0.000E+00
     897   7.078E+05        1.080E+05   2.026E+29   3.285E+17   0.000E+00
     898   7.088E+05        1.077E+05   2.005E+29   3.147E+17   0.000E+00
     899   7.098E+05        1.074E+05   1.984E+29   3.015E+17   0.000E+00
     900   7.108E+05        1.071E+05   1.964E+29   2.888E+17   0.000E+00
     901   7.118E+05        1.069E+05   1.944E+29   2.766E+17   0.000E+00
     902   7.128E+05        1.066E+05   1.923E+29   2.649E+17   0.000E+00
     903   7.138E+05        1.063E+05   1.903E+29   2.537E+17   0.000E+00
     904   7.148E+05        1.060E+05   1.884E+29   2.429E+17   0.000E+00
     905   7.158E+05        1.057E+05   1.864E+29   2.326E+17   0.000E+00
     906   7.168E+05        1.055E+05   1.845E+29   2.227E+17   0.000E+00
     907   7.178E+05        1.052E+05   1.826E+29   2.132E+17   0.000E+00
     908   7.188E+05        1.049E+05   1.806E+29   2.041E+17   0.000E+00
     909   7.198E+05        1.046E+05   1.788E+29   1.954E+17   0.000E+00
     910   7.208E+05        1.044E+05   1.769E+29   1.870E+17   0.000E+00
     911   7.218E+05        1.041E+05   1.750E+29   1.790E+17   0.000E+00
     912   7.228E+05        1.038E+05   1.732E+29   1.713E+17   0.000E+00
     913   7.238E+05        1.035E+05   1.714E+29   1.639E+17   0.000E+00
     914   7.248E+05        1.033E+05   1.696E+29   1.568E+17   0.000E+00
     915   7.258E+05        1.030E+05   1.678E+29   1.500E+17   0.000E+00
     916   7.268E+05        1.027E+05   1.661E+29   1.435E+17   0.000E+00
     917   7.278E+05        1.025E+05   1.643E+29   1.373E+17   0.000E+00
     918   7.288E+05        1.022E+05   1.626E+29   1.313E+17   0.000E+00
     919   7.298E+05        1.019E+05   1.609E+29   1.256E+17   0.000E+00
     920   7.308E+05        1.016E+05   1.592E+29   1.201E+17   0.000E+00
     921   7.318E+05        1.014E+05   1.575E+29   1.148E+17   0.000E+00
     922   7.328E+05        1.011E+05   1.558E+29   1.098E+17   0.000E+00
     923   7.338E+05        1.008E+05   1.541E+29   1.050E+17   0.000E+00
     924   7.348E+05        1.006E+05   1.525E+29   1.003E+17   0.000E+00
     925   7.358E+05        1.003E+05   1.509E+29   9.592E+16   0.000E+00
     926   7.367E+05        1.000E+05   1.493E+29   9.168E+16   0.000E+00
     927   7.377E+05        9.976E+04   1.477E+29   8.762E+16   0.000E+00
     928   7.387E+05        9.950E+04   1.461E+29   8.372E+16   0.000E+00
     929   7.397E+05        9.923E+04   1.445E+29   8.000E+16   0.000E+00
     930   7.407E+05        9.896E+04   1.430E+29   7.643E+16   0.000E+00
     931   7.417E+05        9.870E+04   1.415E+29   7.302E+16   0.000E+00
     932   7.427E+05        9.843E+04   1.399E+29   6.975E+16   0.000E+00
     933   7.437E+05        9.816E+04   1.384E+29   6.662E+16   0.000E+00
     934   7.447E+05        9.790E+04   1.369E+29   6.362E+16   0.000E+00
     935   7.457E+05        9.763E+04   1.355E+29   6.075E+16   0.000E+00
     936   7.467E+05        9.737E+04   1.340E+29   5.801E+16   0.000E+00
     937   7.477E+05        9.711E+04   1.326E+29   5.538E+16   0.000E+00
     938   7.487E+05        9.684E+04   1.311E+29   5.287E+16   0.000E+00
     939   7.497E+05        9.658E+04   1.297E+29   5.047E+16   0.000E+00
     940   7.507E+05        9.631E+04   1.283E+29   4.817E+16   0.000E+00
     941   7.517E+05        9.605E+04   1.269E+29   4.597E+16   0.000E+00
     942   7.527E+05        9.579E+04   1.255E+29   4.386E+16   0.000E+00
     943   7.537E+05        9.553E+04   1.241E+29   4.185E+16   0.000E+00
     944   7.547E+05        9.526E+04   1.228E+29   3.992E+16   0.000E+00
     945   7.557E+05        9.500E+04   1.214E+29   3.808E+16   0.000E+00
     946   7.567E+05        9.474E+04   1.201E+29   3.632E+16   0.000E+00
     947   7.577E+05        9.448E+04   1.188E+29   3.464E+16   0.000E+00
     948   7.587E+05        9.422E+04   1.175E+29   3.303E+16   0.000E+00
     949   7.597E+05        9.396E+04   1.162E+29   3.150E+16   0.000E+00
     950   7.607E+05        9.370E+04   1.149E+29   3.003E+16   0.000E+00
     951   7.617E+05        9.344E+04   1.136E+29   2.862E+16   0.000E+00
     952   7.627E+05        9.318E+04   1.124E+29   2.728E+16   0.000E+00
     953   7.637E+05        9.292E+04   1.111E+29   2.600E+16   0.000E+00
     954   7.647E+05        9.266E+04   1.099E+29   2.478E+16   0.000E+00
     955   7.657E+05        9.240E+04   1.087E+29   2.361E+16   0.000E+00
     956   7.667E+05        9.214E+04   1.075E+29   2.249E+16   0.000E+00
     957   7.677E+05        9.188E+04   1.063E+29   2.142E+16   0.000E+00
     958   7.687E+05        9.163E+04   1.051E+29   2.040E+16   0.000E+00
     959   7.697E+05        9.137E+04   1.039E+29   1.943E+16   0.000E+00
     960   7.707E+05        9.111E+04   1.027E+29   1.850E+16   0.000E+00
     961   7.717E+05        9.085E+04   1.016E+29   1.762E+16   0.000E+00
     962   7.727E+05        9.060E+04   1.004E+29   1.677E+16   0.000E+00
     963   7.737E+05        9.034E+04   9.930E+28   1.596E+16   0.000E+00
     964   7.747E+05        9.008E+04   9.818E+28   1.519E+16   0.000E+00
     965   7.757E+05        8.983E+04   9.706E+28   1.445E+16   0.000E+00
     966   7.767E+05        8.957E+04   9.596E+28   1.375E+16   0.000E+00
     967   7.777E+05        8.931E+04   9.487E+28   1.308E+16   0.000E+00
     968   7.787E+05        8.906E+04   9.379E+28   1.244E+16   0.000E+00
     969   7.797E+05        8.880E+04   9.272E+28   1.184E+16   0.000E+00
     970   7.807E+05        8.855E+04   9.166E+28   1.125E+16   0.000E+00
     971   7.817E+05        8.829E+04   9.061E+28   1.070E+16   0.000E+00
     972   7.827E+05        8.804E+04   8.957E+28   1.017E+16   0.000E+00
     973   7.837E+05        8.778E+04   8.854E+28   9.669E+15   0.000E+00
     974   7.847E+05        8.753E+04   8.751E+28   9.189E+15   0.000E+00
     975   7.857E+05        8.728E+04   8.650E+28   8.732E+15   0.000E+00
     976   7.867E+05        8.702E+04   8.550E+28   8.297E+15   0.000E+00
     977   7.877E+05        8.677E+04   8.451E+28   7.881E+15   0.000E+00
     978   7.887E+05        8.652E+04   8.353E+28   7.486E+15   0.000E+00
     979   7.897E+05        8.626E+04   8.255E+28   7.109E+15   0.000E+00
     980   7.907E+05        8.601E+04   8.159E+28   6.750E+15   0.000E+00
     981   7.916E+05        8.576E+04   8.063E+28   6.409E+15   0.000E+00
     982   7.926E+05        8.550E+04   7.969E+28   6.083E+15   0.000E+00
     983   7.936E+05        8.525E+04   7.875E+28   5.774E+15   0.000E+00
     984   7.946E+05        8.500E+04   7.782E+28   5.479E+15   0.000E+00
     985   7.956E+05        8.475E+04   7.690E+28   5.198E+15   0.000E+00
     986   7.966E+05        8.450E+04   7.599E+28   4.931E+15   0.000E+00
     987   7.976E+05        8.424E+04   7.509E+28   4.677E+15   0.000E+00
     988   7.986E+05        8.399E+04   7.420E+28   4.435E+15   0.000E+00
     989   7.996E+05        8.374E+04   7.332E+28   4.206E+15   0.000E+00
     990   8.006E+05        8.349E+04   7.244E+28   3.987E+15   0.000E+00
     991   8.016E+05        8.324E+04   7.157E+28   3.779E+15   0.000E+00
     992   8.026E+05        8.299E+04   7.071E+28   3.581E+15   0.000E+00
     993   8.036E+05        8.274E+04   6.986E+28   3.393E+15   0.000E+00
     994   8.046E+05        8.249E+04   6.902E+28   3.215E+15   0.000E+00
     995   8.056E+05        8.224E+04   6.819E+28   3.045E+15   0.000E+00
     996   8.066E+05        8.199E+04   6.736E+28   2.884E+15   0.000E+00
     997   8.076E+05        8.174E+04   6.654E+28   2.730E+15   0.000E+00
     998   8.086E+05        8.149E+04   6.573E+28   2.585E+15   0.000E+00
     999   8.096E+05        8.124E+04   6.493E+28   2.446E+15   0.000E+00
    1000   8.106E+05        8.099E+04   6.413E+28   2.315E+15   0.000E+00
    1001   8.116E+05        8.074E+04   6.335E+28   2.190E+15   0.000E+00
    1002   8.126E+05        8.049E+04   6.257E+28   2.072E+15   0.000E+00
    1003   8.136E+05        8.024E+04   6.179E+28   1.960E+15   0.000E+00
    1004   8.146E+05        7.999E+04   6.103E+28   1.853E+15   0.000E+00
    1005   8.156E+05        7.974E+04   6.027E+28   1.752E+15   0.000E+00
    1006   8.166E+05        7.949E+04   5.952E+28   1.656E+15   0.000E+00
    1007   8.176E+05        7.924E+04   5.878E+28   1.565E+15   0.000E+00
    1008   8.186E+05        7.899E+04   5.805E+28   1.479E+15   0.000E+00
    1009   8.196E+05        7.874E+04   5.732E+28   1.397E+15   0.000E+00
    1010   8.206E+05        7.849E+04   5.660E+28   1.319E+15   0.000E+00
    1011   8.216E+05        7.825E+04   5.588E+28   1.246E+15   0.000E+00
    1012   8.226E+05        7.800E+04   5.518E+28   1.176E+15   0.000E+00
    1013   8.236E+05        7.775E+04   5.448E+28   1.110E+15   0.000E+00
    1014   8.246E+05        7.750E+04   5.378E+28   1.048E+15   0.000E+00
    1015   8.256E+05        7.725E+04   5.310E+28   9.886E+14   0.000E+00
    1016   8.266E+05        7.700E+04   5.242E+28   9.325E+14   0.000E+00
    1017   8.276E+05        7.676E+04   5.175E+28   8.794E+14   0.000E+00
    1018   8.286E+05        7.651E+04   5.108E+28   8.292E+14   0.000E+00
    1019   8.296E+05        7.626E+04   5.042E+28   7.816E+14   0.000E+00
    1020   8.306E+05        7.601E+04   4.977E+28   7.366E+14   0.000E+00
    1021   8.316E+05        7.576E+04   4.912E+28   6.941E+14   0.000E+00
    1022   8.326E+05        7.551E+04   4.848E+28   6.538E+14   0.000E+00
    1023   8.336E+05        7.527E+04   4.785E+28   6.158E+14   0.000E+00
    1024   8.346E+05        7.502E+04   4.722E+28   5.798E+14   0.000E+00
    1025   8.356E+05        7.477E+04   4.660E+28   5.458E+14   0.000E+00
    1026   8.366E+05        7.452E+04   4.598E+28   5.137E+14   0.000E+00
    1027   8.376E+05        7.428E+04   4.537E+28   4.833E+14   0.000E+00
    1028   8.386E+05        7.403E+04   4.477E+28   4.546E+14   0.000E+00
    1029   8.396E+05        7.378E+04   4.418E+28   4.275E+14   0.000E+00
    1030   8.406E+05        7.353E+04   4.358E+28   4.020E+14   0.000E+00
    1031   8.416E+05        7.328E+04   4.300E+28   3.778E+14   0.000E+00
    1032   8.426E+05        7.304E+04   4.242E+28   3.550E+14   0.000E+00
    1033   8.436E+05        7.279E+04   4.185E+28   3.336E+14   0.000E+00
    1034   8.446E+05        7.254E+04   4.128E+28   3.133E+14   0.000E+00
    1035   8.456E+05        7.229E+04   4.072E+28   2.942E+14   0.000E+00
    1036   8.465E+05        7.204E+04   4.016E+28   2.761E+14   0.000E+00
    1037   8.475E+05        7.180E+04   3.961E+28   2.591E+14   0.000E+00
    1038   8.485E+05        7.155E+04   3.907E+28   2.431E+14   0.000E+00
    1039   8.495E+05        7.130E+04   3.853E+28   2.280E+14   0.000E+00
    1040   8.505E+05        7.105E+04   3.800E+28   2.138E+14   0.000E+00
    1041   8.515E+05        7.080E+04   3.747E+28   2.004E+14   0.000E+00
    1042   8.525E+05        7.056E+04   3.695E+28   1.878E+14   0.000E+00
    1043   8.535E+05        7.031E+04   3.643E+28   1.760E+14   0.000E+00
    1044   8.545E+05        7.006E+04   3.592E+28   1.648E+14   0.000E+00
    1045   8.555E+05        6.981E+04   3.541E+28   1.543E+14   0.000E+00
    1046   8.565E+05        6.956E+04   3.491E+28   1.445E+14   0.000E+00
    1047   8.575E+05        6.931E+04   3.441E+28   1.352E+14   0.000E+00
    1048   8.585E+05        6.906E+04   3.392E+28   1.265E+14   0.000E+00
    1049   8.595E+05        6.882E+04   3.343E+28   1.183E+14   0.000E+00
    1050   8.605E+05        6.857E+04   3.295E+28   1.106E+14   0.000E+00
    1051   8.615E+05        6.832E+04   3.248E+28   1.033E+14   0.000E+00
    1052   8.625E+05        6.807E+04   3.201E+28   9.654E+13   0.000E+00
    1053   8.635E+05        6.782E+04   3.154E+28   9.017E+13   0.000E+00
    1054   8.645E+05        6.757E+04   3.108E+28   8.419E+13   0.000E+00
    1055   8.655E+05        6.732E+04   3.062E+28   7.858E+13   0.000E+00
    1056   8.665E+05        6.707E+04   3.017E+28   7.332E+13   0.000E+00
    1057   8.675E+05        6.682E+04   2.972E+28   6.839E+13   0.000E+00
    1058   8.685E+05        6.657E+04   2.928E+28   6.377E+13   0.000E+00
    1059   8.695E+05        6.632E+04   2.884E+28   5.944E+13   0.000E+00
    1060   8.705E+05        6.607E+04   2.841E+28   5.538E+13   0.000E+00
    1061   8.715E+05        6.582E+04   2.798E+28   5.158E+13   0.000E+00
    1062   8.725E+05        6.557E+04   2.756E+28   4.803E+13   0.000E+00
    1063   8.735E+05        6.532E+04   2.714E+28   4.470E+13   0.000E+00
    1064   8.745E+05        6.507E+04   2.673E+28   4.159E+13   0.000E+00
    1065   8.755E+05        6.482E+04   2.632E+28   3.868E+13   0.000E+00
    1066   8.765E+05        6.457E+04   2.591E+28   3.596E+13   0.000E+00
    1067   8.775E+05        6.432E+04   2.551E+28   3.342E+13   0.000E+00
    1068   8.785E+05        6.406E+04   2.511E+28   3.105E+13   0.000E+00
    1069   8.795E+05        6.381E+04   2.472E+28   2.883E+13   0.000E+00
    1070   8.805E+05        6.356E+04   2.433E+28   2.676E+13   0.000E+00
    1071   8.815E+05        6.331E+04   2.395E+28   2.483E+13   0.000E+00
    1072   8.825E+05        6.306E+04   2.357E+28   2.303E+13   0.000E+00
    1073   8.835E+05        6.280E+04   2.319E+28   2.135E+13   0.000E+00
    1074   8.845E+05        6.255E+04   2.282E+28   1.979E+13   0.000E+00
    1075   8.855E+05        6.230E+04   2.245E+28   1.833E+13   0.000E+00
    1076   8.865E+05        6.204E+04   2.209E+28   1.697E+13   0.000E+00
    1077   8.875E+05        6.179E+04   2.173E+28   1.571E+13   0.000E+00
    1078   8.885E+05        6.154E+04   2.138E+28   1.453E+13   0.000E+00
    1079   8.895E+05        6.128E+04   2.103E+28   1.344E+13   0.000E+00
    1080   8.905E+05        6.103E+04   2.068E+28   1.242E+13   0.000E+00
    1081   8.915E+05        6.077E+04   2.034E+28   1.147E+13   0.000E+00
    1082   8.925E+05        6.052E+04   2.000E+28   1.060E+13   0.000E+00
    1083   8.935E+05        6.026E+04   1.966E+28   9.780E+12   0.000E+00
    1084   8.945E+05        6.001E+04   1.933E+28   9.022E+12   0.000E+00
    1085   8.955E+05        5.975E+04   1.900E+28   8.319E+12   0.000E+00
    1086   8.965E+05        5.949E+04   1.868E+28   7.667E+12   0.000E+00
    1087   8.975E+05        5.924E+04   1.836E+28   7.063E+12   0.000E+00
    1088   8.985E+05        5.898E+04   1.804E+28   6.503E+12   0.000E+00
    1089   8.995E+05        5.872E+04   1.773E+28   5.984E+12   0.000E+00
    1090   9.005E+05        5.846E+04   1.742E+28   5.504E+12   0.000E+00
    1091   9.014E+05        5.821E+04   1.711E+28   5.060E+12   0.000E+00
    1092   9.024E+05        5.795E+04   1.681E+28   4.649E+12   0.000E+00
    1093   9.034E+05        5.769E+04   1.651E+28   4.269E+12   0.000E+00
    1094   9.044E+05        5.743E+04   1.622E+28   3.918E+12   0.000E+00
    1095   9.054E+05        5.717E+04   1.593E+28   3.594E+12   0.000E+00
    1096   9.064E+05        5.691E+04   1.564E+28   3.295E+12   0.000E+00
    1097   9.074E+05        5.665E+04   1.535E+28   3.019E+12   0.000E+00
    1098   9.084E+05        5.639E+04   1.507E+28   2.765E+12   0.000E+00
    1099   9.094E+05        5.613E+04   1.479E+28   2.530E+12   0.000E+00
    1100   9.104E+05        5.586E+04   1.452E+28   2.314E+12   0.000E+00
    1101   9.114E+05        5.560E+04   1.425E+28   2.115E+12   0.000E+00
    1102   9.124E+05        5.534E+04   1.398E+28   1.932E+12   0.000E+00
    1103   9.134E+05        5.508E+04   1.372E+28   1.764E+12   0.000E+00
    1104   9.144E+05        5.481E+04   1.346E+28   1.609E+12   0.000E+00
    1105   9.154E+05        5.455E+04   1.320E+28   1.467E+12   0.000E+00
    1106   9.164E+05        5.428E+04   1.294E+28   1.337E+12   0.000E+00
    1107   9.174E+05        5.402E+04   1.269E+28   1.218E+12   0.000E+00
    1108   9.184E+05        5.375E+04   1.244E+28   1.108E+12   0.000E+00
    1109   9.194E+05        5.348E+04   1.220E+28   1.007E+12   0.000E+00
    1110   9.204E+05        5.322E+04   1.196E+28   9.155E+11   0.000E+00
    1111   9.214E+05        5.295E+04   1.172E+28   8.314E+11   0.000E+00
    1112   9.224E+05        5.268E+04   1.148E+28   7.544E+11   0.000E+00
    1113   9.234E+05        5.241E+04   1.125E+28   6.841E+11   0.000E+00
    1114   9.244E+05        5.214E+04   1.102E+28   6.198E+11   0.000E+00
    1115   9.254E+05        5.187E+04   1.080E+28   5.612E+11   0.000E+00
    1116   9.264E+05        5.160E+04   1.057E+28   5.078E+11   0.000E+00
    1117   9.274E+05        5.133E+04   1.035E+28   4.590E+11   0.000E+00
    1118   9.284E+05        5.106E+04   1.013E+28   4.147E+11   0.000E+00
    1119   9.294E+05        5.079E+04   9.919E+27   3.743E+11   0.000E+00
    1120   9.304E+05        5.051E+04   9.708E+27   3.376E+11   0.000E+00
    1121   9.314E+05        5.024E+04   9.499E+27   3.042E+11   0.000E+00
    1122   9.324E+05        4.997E+04   9.293E+27   2.739E+11   0.000E+00
    1123   9.334E+05        4.969E+04   9.090E+27   2.464E+11   0.000E+00
    1124   9.344E+05        4.942E+04   8.890E+27   2.215E+11   0.000E+00
    1125   9.354E+05        4.914E+04   8.692E+27   1.989E+11   0.000E+00
    1126   9.364E+05        4.886E+04   8.498E+27   1.785E+11   0.000E+00
    1127   9.374E+05        4.858E+04   8.306E+27   1.600E+11   0.000E+00
    1128   9.384E+05        4.830E+04   8.117E+27   1.433E+11   0.000E+00
    1129   9.394E+05        4.802E+04   7.930E+27   1.282E+11   0.000E+00
    1130   9.404E+05        4.774E+04   7.747E+27   1.146E+11   0.000E+00
    1131   9.414E+05        4.746E+04   7.566E+27   1.024E+11   0.000E+00
    1132   9.424E+05        4.718E+04   7.387E+27   9.134E+10   0.000E+00
    1133   9.434E+05        4.690E+04   7.212E+27   8.141E+10   0.000E+00
    1134   9.444E+05        4.661E+04   7.039E+27   7.249E+10   0.000E+00
    1135   9.454E+05        4.633E+04   6.868E+27   6.448E+10   0.000E+00
    1136   9.464E+05        4.604E+04   6.701E+27   5.729E+10   0.000E+00
    1137   9.474E+05        4.576E+04   6.535E+27   5.085E+10   0.000E+00
    1138   9.484E+05        4.547E+04   6.373E+27   4.509E+10   0.000E+00
    1139   9.494E+05        4.518E+04   6.213E+27   3.993E+10   0.000E+00
    1140   9.504E+05        4.489E+04   6.055E+27   3.533E+10   0.000E+00
    1141   9.514E+05        4.460E+04   5.900E+27   3.122E+10   0.000E+00
    1142   9.524E+05        4.431E+04   5.747E+27   2.755E+10   0.000E+00
    1143   9.534E+05        4.402E+04   5.597E+27   2.429E+10   0.000E+00
    1144   9.544E+05        4.373E+04   5.450E+27   2.139E+10   0.000E+00
    1145   9.554E+05        4.343E+04   5.305E+27   1.881E+10   0.000E+00
    1146   9.563E+05        4.314E+04   5.162E+27   1.652E+10   0.000E+00
    1147   9.573E+05        4.284E+04   5.021E+27   1.449E+10   0.000E+00
    1148   9.583E+05        4.254E+04   4.884E+27   1.270E+10   0.000E+00
    1149   9.593E+05        4.224E+04   4.748E+27   1.111E+10   0.000E+00
    1150   9.603E+05        4.194E+04   4.615E+27   9.705E+09   0.000E+00
    1151   9.613E+05        4.164E+04   4.484E+27   8.469E+09   0.000E+00
    1152   9.623E+05        4.134E+04   4.355E+27   7.379E+09   0.000E+00
    1153   9.633E+05        4.104E+04   4.229E+27   6.421E+09   0.000E+00
    1154   9.643E+05        4.074E+04   4.105E+27   5.579E+09   0.000E+00
    1155   9.653E+05        4.043E+04   3.983E+27   4.840E+09   0.000E+00
    1156   9.663E+05        4.012E+04   3.864E+27   4.193E+09   0.000E+00
    1157   9.673E+05        3.982E+04   3.747E+27   3.627E+09   0.000E+00
    1158   9.683E+05        3.951E+04   3.632E+27   3.132E+09   0.000E+00
    1159   9.693E+05        3.920E+04   3.519E+27   2.701E+09   0.000E+00
    1160   9.703E+05        3.889E+04   3.409E+27   2.325E+09   0.000E+00
    1161   9.713E+05        3.857E+04   3.300E+27   1.998E+09   0.000E+00
    1162   9.723E+05        3.826E+04   3.194E+27   1.715E+09   0.000E+00
    1163   9.733E+05        3.794E+04   3.090E+27   1.469E+09   0.000E+00
    1164   9.743E+05        3.763E+04   2.988E+27   1.256E+09   0.000E+00
    1165   9.753E+05        3.731E+04   2.889E+27   1.072E+09   0.000E+00
    1166   9.763E+05        3.699E+04   2.791E+27   9.136E+08   0.000E+00
    1167   9.773E+05        3.667E+04   2.695E+27   7.771E+08   0.000E+00
    1168   9.783E+05        3.635E+04   2.602E+27   6.598E+08   0.000E+00
    1169   9.793E+05        3.602E+04   2.510E+27   5.591E+08   0.000E+00
    1170   9.803E+05        3.570E+04   2.421E+27   4.729E+08   0.000E+00
    1171   9.813E+05        3.537E+04   2.334E+27   3.992E+08   0.000E+00
    1172   9.823E+05        3.504E+04   2.248E+27   3.363E+08   0.000E+00
    1173   9.833E+05        3.471E+04   2.165E+27   2.828E+08   0.000E+00
    1174   9.843E+05        3.438E+04   2.084E+27   2.373E+08   0.000E+00
    1175   9.853E+05        3.405E+04   2.004E+27   1.987E+08   0.000E+00
    1176   9.863E+05        3.372E+04   1.927E+27   1.660E+08   0.000E+00
    1177   9.873E+05        3.338E+04   1.851E+27   1.385E+08   0.000E+00
    1178   9.883E+05        3.305E+04   1.778E+27   1.152E+08   0.000E+00
    1179   9.893E+05        3.271E+04   1.706E+27   9.564E+07   0.000E+00
    1180   9.903E+05        3.237E+04   1.636E+27   7.923E+07   0.000E+00
    1181   9.913E+05        3.203E+04   1.568E+27   6.548E+07   0.000E+00
    1182   9.923E+05        3.168E+04   1.502E+27   5.400E+07   0.000E+00
    1183   9.933E+05        3.134E+04   1.438E+27   4.443E+07   0.000E+00
    1184   9.943E+05        3.099E+04   1.376E+27   3.647E+07   0.000E+00
    1185   9.953E+05        3.065E+04   1.315E+27   2.986E+07   0.000E+00
    1186   9.963E+05        3.030E+04   1.256E+27   2.440E+07   0.000E+00
    1187   9.973E+05        2.995E+04   1.199E+27   1.988E+07   0.000E+00
    1188   9.983E+05        2.960E+04   1.144E+27   1.617E+07   0.000E+00
    1189   9.993E+05        2.924E+04   1.090E+27   1.311E+07   0.000E+00
    1190   1.000E+06        2.889E+04   1.038E+27   1.061E+07   0.000E+00
    1191   1.001E+06        2.853E+04   9.880E+26   8.562E+06   0.000E+00
    1192   1.002E+06        2.817E+04   9.395E+26   6.894E+06   0.000E+00
    1193   1.003E+06        2.782E+04   8.925E+26   5.537E+06   0.000E+00
    1194   1.004E+06        2.746E+04   8.473E+26   4.436E+06   0.000E+00
    1195   1.005E+06        2.710E+04   8.036E+26   3.546E+06   0.000E+00
    1196   1.006E+06        2.673E+04   7.615E+26   2.827E+06   0.000E+00
    1197   1.007E+06        2.637E+04   7.209E+26   2.249E+06   0.000E+00
    1198   1.008E+06        2.601E+04   6.819E+26   1.785E+06   0.000E+00
    1199   1.009E+06        2.564E+04   6.444E+26   1.413E+06   0.000E+00
    1200   1.010E+06        2.527E+04   6.083E+26   1.116E+06   0.000E+00
    1201   1.011E+06        2.491E+04   5.737E+26   8.800E+05   0.000E+00
    1202   1.012E+06        2.454E+04   5.406E+26   6.921E+05   0.000E+00
    1203   1.013E+06        2.417E+04   5.089E+26   5.433E+05   0.000E+00
    1204   1.014E+06        2.380E+04   4.785E+26   4.256E+05   0.000E+00
    1205   1.015E+06        2.343E+04   4.495E+26   3.328E+05   0.000E+00
    1206   1.016E+06        2.306E+04   4.218E+26   2.598E+05   0.000E+00
    1207   1.017E+06        2.269E+04   3.954E+26   2.024E+05   0.000E+00
    1208   1.018E+06        2.232E+04   3.703E+26   1.575E+05   0.000E+00
    1209   1.019E+06        2.195E+04   3.464E+26   1.224E+05   0.000E+00
    1210   1.020E+06        2.159E+04   3.237E+26   9.502E+04   0.000E+00
    1211   1.021E+06        2.122E+04   3.021E+26   7.369E+04   0.000E+00
    1212   1.022E+06        2.085E+04   2.817E+26   5.711E+04   0.000E+00
    1213   1.023E+06        2.048E+04   2.624E+26   4.423E+04   0.000E+00
    1214   1.024E+06        2.012E+04   2.442E+26   3.425E+04   0.000E+00
    1215   1.025E+06        1.975E+04   2.270E+26   2.652E+04   0.000E+00
    1216   1.026E+06        1.939E+04   2.108E+26   2.055E+04   0.000E+00
    1217   1.027E+06        1.903E+04   1.955E+26   1.592E+04   0.000E+00
    1218   1.028E+06        1.867E+04   1.812E+26   1.235E+04   0.000E+00
    1219   1.029E+06        1.831E+04   1.677E+26   9.593E+03   0.000E+00
    1220   1.030E+06        1.796E+04   1.552E+26   7.462E+03   0.000E+00
    1221   1.031E+06        1.761E+04   1.434E+26   5.815E+03   0.000E+00
    1222   1.032E+06        1.726E+04   1.324E+26   4.542E+03   0.000E+00
    1223   1.033E+06        1.692E+04   1.221E+26   3.557E+03   0.000E+00
    1224   1.034E+06        1.658E+04   1.126E+26   2.794E+03   0.000E+00
    1225   1.035E+06        1.624E+04   1.037E+26   2.201E+03   0.000E+00
    1226   1.036E+06        1.591E+04   9.549E+25   1.741E+03   0.000E+00
    1227   1.037E+06        1.558E+04   8.785E+25   1.382E+03   0.000E+00
    1228   1.038E+06        1.526E+04   8.077E+25   1.103E+03   0.000E+00
    1229   1.039E+06        1.494E+04   7.423E+25   8.834E+02   0.000E+00
    1230   1.040E+06        1.462E+04   6.819E+25   7.113E+02   0.000E+00
    1231   1.041E+06        1.432E+04   6.261E+25   5.758E+02   0.000E+00
    1232   1.042E+06        1.401E+04   5.748E+25   4.687E+02   0.000E+00
    1233   1.043E+06        1.372E+04   5.275E+25   3.837E+02   0.000E+00
    1234   1.044E+06        1.342E+04   4.840E+25   3.159E+02   0.000E+00
    1235   1.045E+06        1.314E+04   4.441E+25   2.617E+02   0.000E+00
    1236   1.046E+06        1.286E+04   4.074E+25   2.182E+02   0.000E+00
    1237   1.047E+06        1.258E+04   3.738E+25   1.831E+02   0.000E+00
    1238   1.048E+06        1.232E+04   3.430E+25   1.546E+02   0.000E+00
    1239   1.049E+06        1.205E+04   3.148E+25   1.314E+02   0.000E+00
    1240   1.050E+06        1.180E+04   2.889E+25   1.124E+02   0.000E+00
    1241   1.051E+06        1.155E+04   2.653E+25   9.676E+01   0.000E+00
    1242   1.052E+06        1.131E+04   2.436E+25   8.384E+01   0.000E+00
    1243   1.053E+06        1.107E+04   2.239E+25   7.311E+01   0.000E+00
    1244   1.054E+06        1.084E+04   2.058E+25   6.414E+01   0.000E+00
    1245   1.055E+06        1.061E+04   1.892E+25   5.662E+01   0.000E+00
    1246   1.056E+06        1.040E+04   1.741E+25   5.028E+01   0.000E+00
    1247   1.057E+06        1.018E+04   1.602E+25   4.491E+01   0.000E+00
    1248   1.058E+06        9.975E+03   1.476E+25   4.034E+01   0.000E+00
