    Time in years,  Te_inf includes ephi
    Temp and Lum are local values, i.e. no ephi


       Time= 5.888E+05      Te_inf 5.799E+05

 zone       Rad [m]      Rho [gm/cc]       exp(phi)          dvol        Temp [K]     Lum [Lsun]  
                                                                       no exp(phi)   no exp(2phi) 

  363   1.1430220E+04  1.0000000E+10  7.9779210E-01  6.9210931E+15    6.2092605E+07  6.7938806E-02
  361   1.1426841E+04  1.0798819E+10  7.9772480E-01  6.9184513E+15    6.2109492E+07  6.7950182E-02
  359   1.1423433E+04  1.1661449E+10  7.9765682E-01  7.0497002E+15    6.2126069E+07  6.7961822E-02
  357   1.1419980E+04  1.2592987E+10  7.9758776E-01  7.0635692E+15    6.2142429E+07  6.7973498E-02
  355   1.1416526E+04  1.3598938E+10  7.9751871E-01  7.0598930E+15    6.2158362E+07  6.7985153E-02
  353   1.1413073E+04  1.4685247E+10  7.9744967E-01  7.0562178E+15    6.2173882E+07  6.7996809E-02
  351   1.1409619E+04  1.5858332E+10  7.9738063E-01  7.0525438E+15    6.2189001E+07  6.8008465E-02
  349   1.1406166E+04  1.7125125E+10  7.9731159E-01  7.2657626E+15    6.2203734E+07  6.8020506E-02
  347   1.1402445E+04  1.8493112E+10  7.9723693E-01  7.7034080E+15    6.2219234E+07  6.8033319E-02
  345   1.1398668E+04  1.9970376E+10  7.9716111E-01  7.6990191E+15    6.2234571E+07  6.8046134E-02
  343   1.1394892E+04  2.1565647E+10  7.9708530E-01  7.6946315E+15    6.2249532E+07  6.8058947E-02
  341   1.1391116E+04  2.3288352E+10  7.9700950E-01  7.6902454E+15    6.2264129E+07  6.8071763E-02
  339   1.1387339E+04  2.5148669E+10  7.9693370E-01  7.6858607E+15    6.2278371E+07  6.8084582E-02
  337   1.1383332E+04  2.7157591E+10  7.9685315E-01  8.9889904E+15    6.2293140E+07  6.8099647E-02
  335   1.1378732E+04  2.9326990E+10  7.9676038E-01  9.3500729E+15    6.2309702E+07  6.8115348E-02
  333   1.1374132E+04  3.1669685E+10  7.9666762E-01  9.3435739E+15    6.2325873E+07  6.8131053E-02
  331   1.1369532E+04  3.4199519E+10  7.9657488E-01  9.3370775E+15    6.2341665E+07  6.8146764E-02
  329   1.1364932E+04  3.6931440E+10  7.9648214E-01  9.3305836E+15    6.2357089E+07  6.8162481E-02
  327   1.1360336E+04  3.9881593E+10  7.9638945E-01  9.2767224E+15    6.2372148E+07  6.8178175E-02
  325   1.1355775E+04  4.3067409E+10  7.9629700E-01  9.2387944E+15    6.2386790E+07  6.8193840E-02
  323   1.1351214E+04  4.6507714E+10  7.9620456E-01  9.2324174E+15    6.2401102E+07  6.8209512E-02
  321   1.1346653E+04  5.0222838E+10  7.9611213E-01  9.2260429E+15    6.2415091E+07  6.8225190E-02
  319   1.1342092E+04  5.4234732E+10  7.9601972E-01  9.2196709E+15    6.2428765E+07  6.8240874E-02
  317   1.1337531E+04  5.8567103E+10  7.9592731E-01  9.2133014E+15    6.2442135E+07  6.8256564E-02
  315   1.1332568E+04  6.3245553E+10  7.9582647E-01  1.0972598E+16    6.2456395E+07  6.8275384E-02
  313   1.1327060E+04  6.8297726E+10  7.9571420E-01  1.1107117E+16    6.2471894E+07  6.8294466E-02
  311   1.1321553E+04  7.3753476E+10  7.9560195E-01  1.1097843E+16    6.2487061E+07  6.8313555E-02
  309   1.1316046E+04  7.9645042E+10  7.9548972E-01  1.1088573E+16    6.2501905E+07  6.8332651E-02
  307   1.1310538E+04  8.6007237E+10  7.9537750E-01  1.1079307E+16    6.2516441E+07  6.8351748E-02
  305   1.1305020E+04  9.2877656E+10  7.9526496E-01  1.1164493E+16    6.2530714E+07  6.8371100E-02
  303   1.1299441E+04  1.0029690E+11  7.9515054E-01  1.1205810E+16    6.2544904E+07  6.8390592E-02
  301   1.1293861E+04  1.0830880E+11  7.9503613E-01  1.1196313E+16    6.2558812E+07  6.8410086E-02
  299   1.1288281E+04  1.1696071E+11  7.9492174E-01  1.1186820E+16    6.2572450E+07  6.8429585E-02
  297   1.1282702E+04  1.2630375E+11  7.9480736E-01  1.1177332E+16    6.2585825E+07  6.8449089E-02
  295   1.1277122E+04  1.3639313E+11  7.9469300E-01  1.1189170E+16    6.2598948E+07  6.8468638E-02
  293   1.1271175E+04  1.4728847E+11  7.9457061E-01  1.2585052E+16    6.2612726E+07  6.8490817E-02
  291   1.1264882E+04  1.5905415E+11  7.9444066E-01  1.2572999E+16    6.2627079E+07  6.8513002E-02
  289   1.1258588E+04  1.7175969E+11  7.9431074E-01  1.2560952E+16    6.2641184E+07  6.8535192E-02
  287   1.1252295E+04  1.8548017E+11  7.9418083E-01  1.2548912E+16    6.2655052E+07  6.8557387E-02
  285   1.1246002E+04  2.0029668E+11  7.9405095E-01  1.2536878E+16    6.2668694E+07  6.8579586E-02
  283   1.1239704E+04  2.1629675E+11  7.9392097E-01  1.2852067E+16    6.2682135E+07  6.8602467E-02
  281   1.1233091E+04  2.3357494E+11  7.9378342E-01  1.3146812E+16    6.2696120E+07  6.8625992E-02
  279   1.1226479E+04  2.5223334E+11  7.9364589E-01  1.3133548E+16    6.2709903E+07  6.8649520E-02
  277   1.1219866E+04  2.7238221E+11  7.9350839E-01  1.3120291E+16    6.2723494E+07  6.8673050E-02
  275   1.1213253E+04  2.9414061E+11  7.9337092E-01  1.3107042E+16    6.2736903E+07  6.8696583E-02
  273   1.1206641E+04  3.1763711E+11  7.9323346E-01  1.3093801E+16    6.2750140E+07  6.8720119E-02
  271   1.1201360E+04  3.4301056E+11  7.9312354E-01  6.9062468E+15    6.2760587E+07  6.8732627E-02
  269   1.1198328E+04  3.7041089E+11  7.9306005E-01  5.9968361E+15    6.2766550E+07  6.8743511E-02
  267   1.1195296E+04  4.0000000E+11  7.9299657E-01  5.9925724E+15    6.2772445E+07  6.8751569E-02
  265   1.1192265E+04  4.3193633E+11  7.9293312E-01  5.9883116E+15    6.2778411E+07  6.8759107E-02
  263   1.1189234E+04  4.6642248E+11  7.9286968E-01  5.9855340E+15    6.2784493E+07  6.8766225E-02
  261   1.1186203E+04  5.0366204E+11  7.9280625E-01  5.9827571E+15    6.2790563E+07  6.8772975E-02
  259   1.1183172E+04  5.4387484E+11  7.9274282E-01  5.9799810E+15    6.2796619E+07  6.8779400E-02
  257   1.1180142E+04  5.8729825E+11  7.9267939E-01  5.9772057E+15    6.2802661E+07  6.8785613E-02
  255   1.1177111E+04  6.3418863E+11  7.9261597E-01  5.9744310E+15    6.2808687E+07  6.8791608E-02
  253   1.1173899E+04  6.8482278E+11  7.9254861E-01  6.8409139E+15    6.2815069E+07  6.8798288E-02
  251   1.1170348E+04  7.3949959E+11  7.9247386E-01  6.9928152E+15    6.2822126E+07  6.8804874E-02
  249   1.1166797E+04  7.9854185E+11  7.9239911E-01  6.9890077E+15    6.2829162E+07  6.8811194E-02
  247   1.1163245E+04  8.6229809E+11  7.9232438E-01  6.9852013E+15    6.2836175E+07  6.8817242E-02
  245   1.1159694E+04  9.3114469E+11  7.9224965E-01  6.9813962E+15    6.2843166E+07  6.8823015E-02
  243   1.1156143E+04  1.0054880E+12  7.9217493E-01  6.9775922E+15    6.2850134E+07  6.8828505E-02
  241   1.1152592E+04  1.0857670E+12  7.9210021E-01  6.9737894E+15    6.2857079E+07  6.8833707E-02
  239   1.1149211E+04  1.1724556E+12  7.9202902E-01  5.8431992E+15    6.2863671E+07  6.8837872E-02
  237   1.1146468E+04  1.2660654E+12  7.9197099E-01  5.3823998E+15    6.2869023E+07  6.8841488E-02
  235   1.1143724E+04  1.3671491E+12  7.9191297E-01  5.3801305E+15    6.2874355E+07  6.8844868E-02
  233   1.1140981E+04  1.4763034E+12  7.9185495E-01  5.3778618E+15    6.2879667E+07  6.8848020E-02
  231   1.1138238E+04  1.5941727E+12  7.9179694E-01  5.3755935E+15    6.2884959E+07  6.8850925E-02
  229   1.1135494E+04  1.7214528E+12  7.9173893E-01  5.3733259E+15    6.2890230E+07  6.8853581E-02
  227   1.1132751E+04  1.8588950E+12  7.9168093E-01  5.3710587E+15    6.2895482E+07  6.8855982E-02
  225   1.1130008E+04  2.0073107E+12  7.9162293E-01  5.3687921E+15    6.2900712E+07  6.8858123E-02
  223   1.1127236E+04  2.1675761E+12  7.9156424E-01  5.5207197E+15    6.2905984E+07  6.8860093E-02
  221   1.1124392E+04  2.3406371E+12  7.9150384E-01  5.5602446E+15    6.2911387E+07  6.8861811E-02
  219   1.1121548E+04  2.5275155E+12  7.9144344E-01  5.5578078E+15    6.2916768E+07  6.8863245E-02
  217   1.1118705E+04  2.7293145E+12  7.9138305E-01  5.5553715E+15    6.2922126E+07  6.8864717E-02
  215   1.1115861E+04  2.9472252E+12  7.9132266E-01  5.5529359E+15    6.2927461E+07  6.8865890E-02
  213   1.1113017E+04  3.1825341E+12  7.9126228E-01  5.5505009E+15    6.2932775E+07  6.8866755E-02
  211   1.1110174E+04  3.4366303E+12  7.9120190E-01  5.5480664E+15    6.2938068E+07  6.8867308E-02
  209   1.1107299E+04  3.7110137E+12  7.9114083E-01  5.8880354E+15    6.2943401E+07  6.8867581E-02
  207   1.1104166E+04  4.0073041E+12  7.9107401E-01  6.1063957E+15    6.2949214E+07  6.8867534E-02
  205   1.1101034E+04  4.3272505E+12  7.9100719E-01  6.1034376E+15    6.2955004E+07  6.8867120E-02
  203   1.1097901E+04  4.6727418E+12  7.9094038E-01  6.1004804E+15    6.2960773E+07  6.8866332E-02
  201   1.1094768E+04  5.0458174E+12  7.9087357E-01  6.0975240E+15    6.2966521E+07  6.8865163E-02
  199   1.1091635E+04  5.4486796E+12  7.9080677E-01  6.0945684E+15    6.2972249E+07  6.8863604E-02
  197   1.1088503E+04  5.8837067E+12  7.9073998E-01  6.3693370E+15    6.2977957E+07  6.8861556E-02
  195   1.1084637E+04  6.3534667E+12  7.9065728E-01  8.3816304E+15    6.2985000E+07  6.8858409E-02
  193   1.1080324E+04  6.8607327E+12  7.9056488E-01  8.3760175E+15    6.2992841E+07  6.8854737E-02
  191   1.1076011E+04  7.4084993E+12  7.9047249E-01  8.3704067E+15    6.3000657E+07  6.8850523E-02
  189   1.1071698E+04  8.0000000E+12  7.9038012E-01  8.3647981E+15    6.3008448E+07  6.8845754E-02
  187   1.1067385E+04  8.6387266E+12  7.9028775E-01  8.3591916E+15    6.3016215E+07  6.8840413E-02
  185   1.1062692E+04  9.3284497E+12  7.9018705E-01  1.0239091E+16    6.3024659E+07  6.8833222E-02
  183   1.1057191E+04  1.0073241E+13  7.9006858E-01  1.0645853E+16    6.3034563E+07  6.8825037E-02
  181   1.1051689E+04  1.0877497E+13  7.8995012E-01  1.0636709E+16    6.3044441E+07  6.8816058E-02
  179   1.1046188E+04  1.1745965E+13  7.8983169E-01  1.0627569E+16    6.3054293E+07  6.8806263E-02
  177   1.1040686E+04  1.2683773E+13  7.8971327E-01  1.0618434E+16    6.3064120E+07  6.8795629E-02
  175   1.1034622E+04  1.3696456E+13  7.8958234E-01  1.2925707E+16    6.3074962E+07  6.8781774E-02
  173   1.1027842E+04  1.4789992E+13  7.8943549E-01  1.3059501E+16    6.3087095E+07  6.8766693E-02
  171   1.1021062E+04  1.5970837E+13  7.8928867E-01  1.3045580E+16    6.3099202E+07  6.8750855E-02
  169   1.1014282E+04  1.7245962E+13  7.8914187E-01  1.3031668E+16    6.3111285E+07  6.8733905E-02
  167   1.1007502E+04  1.8622894E+13  7.8899511E-01  1.3626881E+16    6.3123346E+07  6.8714981E-02
  165   1.0999693E+04  2.0109761E+13  7.8882509E-01  1.5732449E+16    6.3137293E+07  6.8691912E-02
  163   1.0991489E+04  2.1715341E+13  7.8864619E-01  1.5711977E+16    6.3151948E+07  6.8667386E-02
  161   1.0983285E+04  2.3449112E+13  7.8846733E-01  1.5691520E+16    6.3166580E+07  6.8641363E-02
  159   1.0975081E+04  2.5321308E+13  7.8828851E-01  1.5671077E+16    6.3181193E+07  6.8613803E-02
  157   1.0966770E+04  2.7342982E+13  7.8810728E-01  1.7417226E+16    6.3195987E+07  6.8581469E-02
  155   1.0956926E+04  2.9526069E+13  7.8789082E-01  1.8749699E+16    6.3213639E+07  6.8544909E-02
  153   1.0947082E+04  3.1883454E+13  7.8767442E-01  1.8720048E+16    6.3231272E+07  6.8506357E-02
  151   1.0937238E+04  3.4429056E+13  7.8745808E-01  1.8690423E+16    6.3248893E+07  6.8465773E-02
  149   1.0927393E+04  3.7177900E+13  7.8724180E-01  1.8660823E+16    6.3266502E+07  6.8423364E-02
  147   1.0916679E+04  4.0146214E+13  7.8700529E-01  2.2195935E+16    6.3285747E+07  6.8371061E-02
  145   1.0904804E+04  4.3351521E+13  7.8674178E-01  2.2428487E+16    6.3307180E+07  6.8315900E-02
  143   1.0892929E+04  4.6812743E+13  7.8647835E-01  2.2384957E+16    6.3328600E+07  6.8258434E-02
  141   1.0881053E+04  5.0550311E+13  7.8621502E-01  2.2341473E+16    6.3350009E+07  6.8198621E-02
  139   1.0869178E+04  5.4586289E+13  7.8595177E-01  2.3754341E+16    6.3371410E+07  6.8132436E-02
  137   1.0855366E+04  5.8944504E+13  7.8564254E-01  2.6592231E+16    6.3396547E+07  6.8055838E-02
  135   1.0841171E+04  6.3650682E+13  7.8532432E-01  2.6529154E+16    6.3422419E+07  6.7976294E-02
  133   1.0826976E+04  6.8732605E+13  7.8500623E-01  2.6466154E+16    6.3448287E+07  6.7893752E-02
  131   1.0812781E+04  7.4220273E+13  7.8468827E-01  2.6403234E+16    6.3474152E+07  6.7808160E-02
  129   1.0797564E+04  8.0146081E+13  7.8434614E-01  3.1936215E+16    6.3501997E+07  6.7703554E-02
  127   1.0779373E+04  8.6545010E+13  7.8393352E-01  3.3642948E+16    6.3535597E+07  6.7589675E-02
  125   1.0761182E+04  9.3454836E+13  7.8352113E-01  3.3537517E+16    6.3569202E+07  6.7472068E-02
  123   1.0742991E+04  1.0091635E+14  7.8310895E-01  3.3432256E+16    6.3602812E+07  6.7350743E-02
  121   1.0724801E+04  1.0897359E+14  7.8269699E-01  4.0823128E+16    6.3636429E+07  6.7197461E-02
  119   1.0697599E+04  1.1767413E+14  7.8207249E-01  5.1072619E+16    6.3687438E+07  6.7001264E-02
  117   1.0669587E+04  1.2706933E+14  7.8142937E-01  5.0816584E+16    6.3740040E+07  6.6799956E-02
  115   1.0641574E+04  1.3721465E+14  7.8078677E-01  5.0561199E+16    6.3792666E+07  6.6593136E-02
  113   1.0608078E+04  1.4816999E+14  7.8001411E-01  8.1409696E+16    6.3856035E+07  6.6248520E-02
  111   1.0559985E+04  1.6000000E+14  7.7889320E-01  9.5900013E+16    6.3948028E+07  6.5665449E-02
  109   1.0496177E+04  1.7533598E+14  7.7740852E-01  1.1279245E+17    6.4070232E+07  6.4960270E-02
  107   1.0431583E+04  1.8915533E+14  7.7588556E-01  1.1279302E+17    6.4196065E+07  6.4235470E-02
  105   1.0366179E+04  2.0240242E+14  7.7433654E-01  1.1278295E+17    6.4324552E+07  6.3489476E-02
  103   1.0299940E+04  2.1581868E+14  7.7277088E-01  1.1276946E+17    6.4454932E+07  6.2718712E-02
  101   1.0232838E+04  2.2805153E+14  7.7116036E-01  1.1273346E+17    6.4589590E+07  6.1930585E-02
   99   1.0164843E+04  2.3985285E+14  7.6951977E-01  1.1268218E+17    6.4727336E+07  6.1121595E-02
   97   1.0095927E+04  2.5181422E+14  7.6786049E-01  1.1263129E+17    6.4867245E+07  6.0292458E-02
   95   1.0026057E+04  2.6394120E+14  7.6618189E-01  1.1257328E+17    6.5009397E+07  5.9444178E-02
   93   9.9551987E+03  2.8101779E+14  7.6444730E-01  1.1248718E+17    6.5156943E+07  5.8578674E-02
   91   9.8833178E+03  2.9925769E+14  7.6268478E-01  1.1238598E+17    6.5307549E+07  5.7689525E-02
   89   9.8103757E+03  3.1776687E+14  7.6090039E-01  1.1228427E+17    6.5460731E+07  5.6778533E-02
   87   9.7363322E+03  3.3655556E+14  7.5909333E-01  1.1217650E+17    6.5616591E+07  5.5847973E-02
   85   9.6611449E+03  3.5325445E+14  7.5724417E-01  1.1202295E+17    6.5776852E+07  5.4904021E-02
   83   9.5847693E+03  3.6852848E+14  7.5535724E-01  1.1182956E+17    6.5941193E+07  5.3945436E-02
   81   9.5071563E+03  3.8404998E+14  7.5344455E-01  1.1162911E+17    6.6108616E+07  5.2972629E-02
   79   9.4282548E+03  3.9982915E+14  7.5150508E-01  1.1142468E+17    6.6279253E+07  5.1985672E-02
   77   9.3480108E+03  4.1587681E+14  7.4953773E-01  1.1121333E+17    6.6453245E+07  5.0985617E-02
   75   9.2663644E+03  4.2904660E+14  7.4753431E-01  1.1097116E+17    6.6631367E+07  4.9973366E-02
   73   9.1832540E+03  4.4106945E+14  7.4549742E-01  1.1070992E+17    6.6813445E+07  4.8949134E-02
   71   9.0986103E+03  4.5331411E+14  7.4342866E-01  1.1044068E+17    6.6999392E+07  4.7912732E-02
   69   9.0123622E+03  4.6579087E+14  7.4132660E-01  1.1016259E+17    6.7189397E+07  4.6863966E-02
   67   8.9244317E+03  4.7851100E+14  7.3918964E-01  1.0987712E+17    6.7383661E+07  4.5802813E-02
   65   8.8347324E+03  4.9167242E+14  7.3701933E-01  1.0957632E+17    6.7582111E+07  4.4727539E-02
   63   8.7431745E+03  5.0587182E+14  7.3482409E-01  1.0925546E+17    6.7784032E+07  4.3639099E-02
   61   8.6496572E+03  5.2037510E+14  7.3258863E-01  1.0892250E+17    6.7990896E+07  4.2537798E-02
   59   8.5540728E+03  5.3519894E+14  7.3031078E-01  1.0857670E+17    6.8202984E+07  4.1423528E-02
   57   8.4563038E+03  5.5036161E+14  7.2798819E-01  1.0821891E+17    6.8420604E+07  4.0296142E-02
   55   8.3562197E+03  5.6588330E+14  7.2561826E-01  1.0784815E+17    6.8644095E+07  3.9152812E-02
   53   8.2536789E+03  5.7920646E+14  7.2323561E-01  1.0746000E+17    6.8870262E+07  3.7987325E-02
   51   8.1485254E+03  5.9098593E+14  7.2082761E-01  1.0705465E+17    6.9100353E+07  3.6806864E-02
   49   8.0405849E+03  6.0307761E+14  7.1836413E-01  1.0663200E+17    6.9337341E+07  3.5611143E-02
   47   7.9296665E+03  6.1550287E+14  7.1584146E-01  1.0619147E+17    6.9581713E+07  3.4399748E-02
   45   7.8155544E+03  6.2828590E+14  7.1325540E-01  1.0573089E+17    6.9834019E+07  3.3172258E-02
   43   7.6980095E+03  6.4136508E+14  7.1060703E-01  1.0525734E+17    7.0094307E+07  3.1922528E-02
   41   7.5767610E+03  6.5297992E+14  7.0800660E-01  1.0479600E+17    7.0351777E+07  3.0651035E-02
   39   7.4515018E+03  6.6497896E+14  7.0533015E-01  1.0431663E+17    7.0618757E+07  2.9362951E-02
   37   7.3218845E+03  6.7739548E+14  7.0257123E-01  1.0381038E+17    7.0896092E+07  2.8057824E-02
   35   7.1875075E+03  6.9026795E+14  6.9972239E-01  1.0327443E+17    7.1184760E+07  2.6735096E-02
   33   7.0479087E+03  7.0364063E+14  6.9677508E-01  1.0271627E+17    7.1485889E+07  2.5387690E-02
   31   6.9025495E+03  7.1570676E+14  6.9391182E-01  1.0219227E+17    7.1780881E+07  2.4014071E-02
   29   6.7507954E+03  7.2825245E+14  6.9094044E-01  1.0164415E+17    7.2089596E+07  2.2621595E-02
   27   6.5918941E+03  7.4138900E+14  6.8784275E-01  1.0105325E+17    7.2414274E+07  2.1209512E-02
   25   6.4249381E+03  7.5519144E+14  6.8460300E-01  1.0041752E+17    7.2756983E+07  1.9774909E-02
   23   6.2488233E+03  7.6850876E+14  6.8137966E-01  9.9807263E+16    7.3101191E+07  1.8305501E-02
   21   6.0621783E+03  7.8189900E+14  6.7808307E-01  9.9195216E+16    7.3456606E+07  1.6814272E-02
   19   5.8632734E+03  7.9616880E+14  6.7458750E-01  9.8512627E+16    7.3837267E+07  1.5300159E-02
   17   5.6498715E+03  8.1115046E+14  6.7091489E-01  9.7793277E+16    7.4241478E+07  1.3751672E-02
   15   5.4190025E+03  8.2554050E+14  6.6728206E-01  9.7111134E+16    7.4645690E+07  1.2172306E-02
   13   5.1665830E+03  8.4127378E+14  6.6333263E-01  9.6332866E+16    7.5090151E+07  1.0565866E-02
   11   4.8867470E+03  8.5752336E+14  6.5922198E-01  9.5536533E+16    7.5558410E+07  8.9160003E-03
    9   4.5705640E+03  8.7464923E+14  6.5485526E-01  9.4695193E+16    7.6062279E+07  7.2339248E-03
    7   4.2032799E+03  8.9297413E+14  6.5016361E-01  9.3779374E+16    7.6611182E+07  5.5056806E-03
    5   3.7573266E+03  9.1327044E+14  6.4494730E-01  9.2764039E+16    7.7230843E+07  3.7311728E-03
    3   3.1690520E+03  9.3616163E+14  6.3903245E-01  9.1562170E+16    7.7945724E+07  1.9007038E-03
    1   2.1972979E+03  9.6556126E+14  6.3141556E-01  8.9561477E+16    7.8886043E+07  0.0000000E+00

