         5       363       111       267

EOS                                                                            

  i            rad           emas         rho         pres          nb           kf(e)      kf(mu)       kf(p)       kf(n)      kf(la)      kf(S-)      kf(S0)      kf(S+)         Tc(n)       Tc(p)      Tc(la)    Durca  nSF   Acel   Aion   Zion

    0   0.000000E+00   0.000000E+00   6.976E+14   8.098E+34   3.879E-01      1.042E+00   8.936E-01   1.226E+00   2.128E+00   0.000E+00   0.000E+00   0.000E+00   0.000E+00      6.497E+08   1.000E+00   1.000E+00   10000  3p2   N/A    N/A    N/A 
    1   2.438350E+03   2.108625E-02   6.762E+14   7.473E+34   3.773E-01      1.024E+00   8.724E-01   1.202E+00   2.113E+00   0.000E+00   0.000E+00   0.000E+00   0.000E+00      6.757E+08   1.000E+00   1.000E+00   10000  3p2   N/A    N/A    N/A 
    2   3.072128E+03   4.195423E-02   6.636E+14   7.118E+34   3.710E-01      1.013E+00   8.597E-01   1.187E+00   2.104E+00   0.000E+00   0.000E+00   0.000E+00   0.000E+00      6.913E+08   1.000E+00   1.000E+00   10000  3p2   N/A    N/A    N/A 
    3   3.516709E+03   6.223355E-02   6.531E+14   6.830E+34   3.658E-01      1.004E+00   8.490E-01   1.175E+00   2.096E+00   0.000E+00   0.000E+00   0.000E+00   0.000E+00      7.045E+08   1.000E+00   1.000E+00   10000  3p2   N/A    N/A    N/A 
    4   3.870639E+03   8.129604E-02   6.440E+14   6.582E+34   3.612E-01      9.958E-01   8.396E-01   1.165E+00   2.089E+00   0.000E+00   0.000E+00   0.000E+00   0.000E+00      7.161E+08   1.000E+00   1.000E+00   10000  3p2   N/A    N/A    N/A 
    5   4.169519E+03   1.020605E-01   6.352E+14   6.351E+34   3.568E-01      9.881E-01   8.304E-01   1.154E+00   2.082E+00   0.000E+00   0.000E+00   0.000E+00   0.000E+00      7.274E+08   1.000E+00   1.000E+00   10000  3p2   N/A    N/A    N/A 
    6   4.430775E+03   1.202864E-01   6.275E+14   6.147E+34   3.529E-01      9.813E-01   8.223E-01   1.145E+00   2.076E+00   0.000E+00   0.000E+00   0.000E+00   0.000E+00      7.374E+08   1.000E+00   1.000E+00   10000  3p2   N/A    N/A    N/A 
    7   4.664395E+03   1.405686E-01   6.197E+14   5.951E+34   3.489E-01      9.744E-01   8.141E-01   1.136E+00   2.070E+00   0.000E+00   0.000E+00   0.000E+00   0.000E+00      7.475E+08   1.000E+00   1.000E+00   10000  3p2   N/A    N/A    N/A 
    8   4.876699E+03   1.594514E-01   6.126E+14   5.770E+34   3.453E-01      9.680E-01   8.064E-01   1.127E+00   2.064E+00   0.000E+00   0.000E+00   0.000E+00   0.000E+00      7.569E+08   1.000E+00   1.000E+00   10000  3p2   N/A    N/A    N/A 
    9   5.071972E+03   1.768194E-01   6.060E+14   5.604E+34   3.419E-01      9.621E-01   7.993E-01   1.119E+00   2.058E+00   0.000E+00   0.000E+00   0.000E+00   0.000E+00      7.656E+08   1.000E+00   1.000E+00   10000  3p2   N/A    N/A    N/A 
   10   5.253265E+03   1.963455E-01   5.992E+14   5.440E+34   3.384E-01      9.560E-01   7.919E-01   1.111E+00   2.053E+00   0.000E+00   0.000E+00   0.000E+00   0.000E+00      7.745E+08   1.000E+00   1.000E+00   10000  3p2   N/A    N/A    N/A 
   11   5.422841E+03   2.151937E-01   5.927E+14   5.285E+34   3.351E-01      9.501E-01   7.848E-01   1.103E+00   2.047E+00   0.000E+00   0.000E+00   0.000E+00   0.000E+00      7.831E+08   1.000E+00   1.000E+00   10000  3p2   N/A    N/A    N/A 
   12   5.582427E+03   2.329315E-01   5.866E+14   5.139E+34   3.319E-01      9.445E-01   7.781E-01   1.095E+00   2.042E+00   0.000E+00   0.000E+00   0.000E+00   0.000E+00      7.912E+08   1.000E+00   1.000E+00   00000  3p2   N/A    N/A    N/A 
   13   5.733376E+03   2.497093E-01   5.808E+14   5.001E+34   3.289E-01      9.393E-01   7.717E-01   1.088E+00   2.037E+00   0.000E+00   0.000E+00   0.000E+00   0.000E+00      7.989E+08   1.000E+00   1.000E+00   00000  3p2   N/A    N/A    N/A 
   14   5.876770E+03   2.674840E-01   5.750E+14   4.866E+34   3.259E-01      9.339E-01   7.651E-01   1.081E+00   2.032E+00   0.000E+00   0.000E+00   0.000E+00   0.000E+00      8.066E+08   1.000E+00   1.000E+00   00000  3p2   N/A    N/A    N/A 
   15   6.013487E+03   2.860098E-01   5.690E+14   4.735E+34   3.228E-01      9.284E-01   7.585E-01   1.073E+00   2.027E+00   0.000E+00   0.000E+00   0.000E+00   0.000E+00      8.145E+08   1.000E+00   1.000E+00   00000  3p2   N/A    N/A    N/A 
   16   6.144256E+03   3.037296E-01   5.634E+14   4.610E+34   3.199E-01      9.232E-01   7.521E-01   1.066E+00   2.021E+00   0.000E+00   0.000E+00   0.000E+00   0.000E+00      8.219E+08   1.000E+00   1.000E+00   00000  3p2   N/A    N/A    N/A 
   17   6.269683E+03   3.207256E-01   5.580E+14   4.489E+34   3.171E-01      9.182E-01   7.459E-01   1.059E+00   2.016E+00   0.000E+00   0.000E+00   0.000E+00   0.000E+00      8.291E+08   1.000E+00   1.000E+00   00000  3p2   N/A    N/A    N/A 
   18   6.390284E+03   3.370675E-01   5.528E+14   4.374E+34   3.144E-01      9.133E-01   7.399E-01   1.053E+00   2.012E+00   0.000E+00   0.000E+00   0.000E+00   0.000E+00      8.359E+08   1.000E+00   1.000E+00   00000  3p2   N/A    N/A    N/A 
   19   6.506496E+03   3.528148E-01   5.478E+14   4.262E+34   3.117E-01      9.086E-01   7.341E-01   1.046E+00   2.007E+00   0.000E+00   0.000E+00   0.000E+00   0.000E+00      8.425E+08   1.000E+00   1.000E+00   00000  3p2   N/A    N/A    N/A 
   20   6.618699E+03   3.697368E-01   5.425E+14   4.153E+34   3.090E-01      9.038E-01   7.281E-01   1.040E+00   2.002E+00   0.000E+00   0.000E+00   0.000E+00   0.000E+00      8.493E+08   1.000E+00   1.000E+00   00000  3p2   N/A    N/A    N/A 
   21   6.727222E+03   3.871390E-01   5.373E+14   4.047E+34   3.062E-01      8.988E-01   7.219E-01   1.033E+00   1.997E+00   0.000E+00   0.000E+00   0.000E+00   0.000E+00      8.561E+08   1.000E+00   1.000E+00   00000  3p2   N/A    N/A    N/A 
   22   6.832352E+03   4.039972E-01   5.322E+14   3.944E+34   3.036E-01      8.940E-01   7.159E-01   1.026E+00   1.992E+00   0.000E+00   0.000E+00   0.000E+00   0.000E+00      8.626E+08   1.000E+00   1.000E+00   00000  3p2   N/A    N/A    N/A 
   23   6.934342E+03   4.203520E-01   5.272E+14   3.844E+34   3.009E-01      8.893E-01   7.100E-01   1.020E+00   1.987E+00   0.000E+00   0.000E+00   0.000E+00   0.000E+00      8.690E+08   1.000E+00   1.000E+00   00000  3p2   N/A    N/A    N/A 
   24   7.033417E+03   4.362392E-01   5.224E+14   3.747E+34   2.984E-01      8.847E-01   7.043E-01   1.014E+00   1.983E+00   0.000E+00   0.000E+00   0.000E+00   0.000E+00      8.751E+08   1.000E+00   1.000E+00   00000  3p2   N/A    N/A    N/A 
   25   7.129778E+03   4.516911E-01   5.178E+14   3.653E+34   2.959E-01      8.802E-01   6.987E-01   1.008E+00   1.978E+00   0.000E+00   0.000E+00   0.000E+00   0.000E+00      8.809E+08   1.000E+00   1.000E+00   00000  3p2   N/A    N/A    N/A 
   26   7.223601E+03   4.667363E-01   5.132E+14   3.561E+34   2.935E-01      8.759E-01   6.932E-01   1.002E+00   1.973E+00   0.000E+00   0.000E+00   0.000E+00   0.000E+00      8.866E+08   1.000E+00   1.000E+00   00000  3p2   N/A    N/A    N/A 
   27   7.315049E+03   4.814004E-01   5.088E+14   3.472E+34   2.912E-01      8.716E-01   6.878E-01   9.958E-01   1.969E+00   0.000E+00   0.000E+00   0.000E+00   0.000E+00      8.921E+08   1.000E+00   1.000E+00   00000  3p2   N/A    N/A    N/A 
   28   7.404266E+03   4.974841E-01   5.040E+14   3.385E+34   2.886E-01      8.671E-01   6.820E-01   9.896E-01   1.964E+00   0.000E+00   0.000E+00   0.000E+00   0.000E+00      8.979E+08   1.000E+00   1.000E+00   00000  3p2   N/A    N/A    N/A 
   29   7.491383E+03   5.134547E-01   4.993E+14   3.301E+34   2.861E-01      8.625E-01   6.762E-01   9.833E-01   1.959E+00   0.000E+00   0.000E+00   0.000E+00   0.000E+00      9.035E+08   1.000E+00   1.000E+00   00000  3p2   N/A    N/A    N/A 
   30   7.576520E+03   5.290624E-01   4.947E+14   3.218E+34   2.837E-01      8.580E-01   6.705E-01   9.772E-01   1.954E+00   0.000E+00   0.000E+00   0.000E+00   0.000E+00      9.090E+08   1.000E+00   1.000E+00   00000  3p2   N/A    N/A    N/A 
   31   7.659785E+03   5.443269E-01   4.902E+14   3.138E+34   2.812E-01      8.536E-01   6.648E-01   9.712E-01   1.950E+00   0.000E+00   0.000E+00   0.000E+00   0.000E+00      9.143E+08   1.000E+00   1.000E+00   00000  3p2   N/A    N/A    N/A 
   32   7.741278E+03   5.592666E-01   4.858E+14   3.059E+34   2.789E-01      8.494E-01   6.593E-01   9.653E-01   1.945E+00   0.000E+00   0.000E+00   0.000E+00   0.000E+00      9.193E+08   1.000E+00   1.000E+00   00000  3p2   N/A    N/A    N/A 
   33   7.821090E+03   5.738981E-01   4.815E+14   2.982E+34   2.766E-01      8.451E-01   6.539E-01   9.594E-01   1.940E+00   0.000E+00   0.000E+00   0.000E+00   0.000E+00      9.242E+08   1.000E+00   1.000E+00   00000  3p2   N/A    N/A    N/A 
   34   7.899306E+03   5.882370E-01   4.773E+14   2.906E+34   2.743E-01      8.410E-01   6.485E-01   9.537E-01   1.936E+00   0.000E+00   0.000E+00   0.000E+00   0.000E+00      9.289E+08   1.000E+00   1.000E+00   00000  3p2   N/A    N/A    N/A 
   35   7.976004E+03   6.022975E-01   4.731E+14   2.832E+34   2.721E-01      8.369E-01   6.432E-01   9.481E-01   1.931E+00   0.000E+00   0.000E+00   0.000E+00   0.000E+00      9.334E+08   1.000E+00   1.000E+00   00000  3p2   N/A    N/A    N/A 
   36   8.051253E+03   6.160925E-01   4.690E+14   2.759E+34   2.699E-01      8.329E-01   6.379E-01   9.425E-01   1.927E+00   0.000E+00   0.000E+00   0.000E+00   0.000E+00      9.377E+08   1.000E+00   1.000E+00   00000  3p2   N/A    N/A    N/A 
   37   8.125122E+03   6.299365E-01   4.649E+14   2.688E+34   2.676E-01      8.288E-01   6.326E-01   9.370E-01   1.922E+00   0.000E+00   0.000E+00   0.000E+00   0.000E+00      9.420E+08   1.000E+00   1.000E+00   00000  3p2   N/A    N/A    N/A 
   38   8.197671E+03   6.445671E-01   4.606E+14   2.621E+34   2.653E-01      8.245E-01   6.269E-01   9.309E-01   1.917E+00   0.000E+00   0.000E+00   0.000E+00   0.000E+00      9.465E+08   1.000E+00   1.000E+00   00000  3p2   N/A    N/A    N/A 
   39   8.268959E+03   6.589434E-01   4.563E+14   2.555E+34   2.630E-01      8.202E-01   6.213E-01   9.250E-01   1.912E+00   0.000E+00   0.000E+00   0.000E+00   0.000E+00      9.507E+08   1.000E+00   1.000E+00   00000  3p2   N/A    N/A    N/A 
   40   8.339038E+03   6.730759E-01   4.520E+14   2.490E+34   2.607E-01      8.160E-01   6.157E-01   9.192E-01   1.908E+00   0.000E+00   0.000E+00   0.000E+00   0.000E+00      9.548E+08   1.000E+00   1.000E+00   00000  3p2   N/A    N/A    N/A 
   41   8.407960E+03   6.869749E-01   4.479E+14   2.427E+34   2.584E-01      8.118E-01   6.102E-01   9.135E-01   1.903E+00   0.000E+00   0.000E+00   0.000E+00   0.000E+00      9.586E+08   1.000E+00   1.000E+00   00000  3p2   N/A    N/A    N/A 
   42   8.475768E+03   7.006495E-01   4.438E+14   2.364E+34   2.562E-01      8.077E-01   6.047E-01   9.078E-01   1.898E+00   0.000E+00   0.000E+00   0.000E+00   0.000E+00      9.623E+08   1.000E+00   1.000E+00   00000  3p2   N/A    N/A    N/A 
   43   8.542510E+03   7.141089E-01   4.398E+14   2.302E+34   2.540E-01      8.036E-01   5.993E-01   9.022E-01   1.893E+00   0.000E+00   0.000E+00   0.000E+00   0.000E+00      9.658E+08   1.000E+00   1.000E+00   00000  3p2   N/A    N/A    N/A 
   44   8.608224E+03   7.273612E-01   4.358E+14   2.241E+34   2.518E-01      7.996E-01   5.939E-01   8.966E-01   1.889E+00   0.000E+00   0.000E+00   0.000E+00   0.000E+00      9.692E+08   1.000E+00   1.000E+00   00000  3p2   N/A    N/A    N/A 
   45   8.672950E+03   7.404141E-01   4.319E+14   2.181E+34   2.497E-01      7.957E-01   5.886E-01   8.911E-01   1.884E+00   0.000E+00   0.000E+00   0.000E+00   0.000E+00      9.723E+08   1.000E+00   1.000E+00   00000  3p2   N/A    N/A    N/A 
   46   8.736724E+03   7.532751E-01   4.281E+14   2.122E+34   2.476E-01      7.918E-01   5.832E-01   8.857E-01   1.879E+00   0.000E+00   0.000E+00   0.000E+00   0.000E+00      9.752E+08   1.000E+00   1.000E+00   00000  3p2   N/A    N/A    N/A 
   47   8.799580E+03   7.659511E-01   4.243E+14   2.064E+34   2.455E-01      7.879E-01   5.780E-01   8.803E-01   1.875E+00   0.000E+00   0.000E+00   0.000E+00   0.000E+00      9.780E+08   1.000E+00   1.000E+00   00000  3p2   N/A    N/A    N/A 
   48   8.861551E+03   7.784484E-01   4.206E+14   2.007E+34   2.435E-01      7.841E-01   5.728E-01   8.750E-01   1.870E+00   0.000E+00   0.000E+00   0.000E+00   0.000E+00      9.806E+08   1.000E+00   1.000E+00   00000  3p2   N/A    N/A    N/A 
   49   8.922667E+03   7.914194E-01   4.165E+14   1.955E+34   2.412E-01      7.799E-01   5.670E-01   8.692E-01   1.865E+00   0.000E+00   0.000E+00   0.000E+00   0.000E+00      9.833E+08   1.000E+00   1.000E+00   00000  3p2   N/A    N/A    N/A 
   50   8.982957E+03   8.042566E-01   4.124E+14   1.903E+34   2.390E-01      7.757E-01   5.613E-01   8.634E-01   1.860E+00   0.000E+00   0.000E+00   0.000E+00   0.000E+00      9.858E+08   1.000E+00   1.000E+00   00000  3p2   N/A    N/A    N/A 
   51   9.042449E+03   8.169237E-01   4.084E+14   1.852E+34   2.368E-01      7.716E-01   5.556E-01   8.576E-01   1.855E+00   0.000E+00   0.000E+00   0.000E+00   0.000E+00      9.881E+08   1.000E+00   1.000E+00   00000  3p2   N/A    N/A    N/A 
   52   9.101167E+03   8.294263E-01   4.045E+14   1.802E+34   2.346E-01      7.675E-01   5.498E-01   8.519E-01   1.850E+00   0.000E+00   0.000E+00   0.000E+00   0.000E+00      9.902E+08   1.000E+00   1.000E+00   00000  3p2   N/A    N/A    N/A 
   53   9.159138E+03   8.417695E-01   4.006E+14   1.753E+34   2.324E-01      7.634E-01   5.442E-01   8.463E-01   1.845E+00   0.000E+00   0.000E+00   0.000E+00   0.000E+00      9.921E+08   1.000E+00   1.000E+00   00000  3p2   N/A    N/A    N/A 
   54   9.216384E+03   8.539585E-01   3.967E+14   1.704E+34   2.303E-01      7.594E-01   5.385E-01   8.407E-01   1.840E+00   0.000E+00   0.000E+00   0.000E+00   0.000E+00      9.938E+08   1.000E+00   1.000E+00   00000  3p2   N/A    N/A    N/A 
   55   9.272928E+03   8.659979E-01   3.929E+14   1.656E+34   2.282E-01      7.554E-01   5.329E-01   8.351E-01   1.835E+00   0.000E+00   0.000E+00   0.000E+00   0.000E+00      9.952E+08   1.000E+00   1.000E+00   00000  3p2   N/A    N/A    N/A 
   56   9.328790E+03   8.778923E-01   3.892E+14   1.608E+34   2.261E-01      7.515E-01   5.273E-01   8.296E-01   1.830E+00   0.000E+00   0.000E+00   0.000E+00   0.000E+00      9.965E+08   1.000E+00   1.000E+00   00000  3p2   N/A    N/A    N/A 
   57   9.383992E+03   8.896459E-01   3.855E+14   1.561E+34   2.241E-01      7.476E-01   5.217E-01   8.242E-01   1.825E+00   0.000E+00   0.000E+00   0.000E+00   0.000E+00      9.976E+08   1.000E+00   1.000E+00   00000  3p2   N/A    N/A    N/A 
   58   9.438551E+03   9.012628E-01   3.818E+14   1.515E+34   2.220E-01      7.437E-01   5.161E-01   8.187E-01   1.820E+00   0.000E+00   0.000E+00   0.000E+00   0.000E+00      9.985E+08   1.000E+00   1.000E+00   00000  3p2   N/A    N/A    N/A 
   59   9.492486E+03   9.127469E-01   3.782E+14   1.468E+34   2.200E-01      7.399E-01   5.106E-01   8.134E-01   1.815E+00   0.000E+00   0.000E+00   0.000E+00   0.000E+00      9.991E+08   1.000E+00   1.000E+00   00000  3p2   N/A    N/A    N/A 
   60   9.545816E+03   9.241020E-01   3.746E+14   1.423E+34   2.180E-01      7.360E-01   5.050E-01   8.080E-01   1.810E+00   0.000E+00   0.000E+00   0.000E+00   0.000E+00      9.996E+08   1.000E+00   1.000E+00   00000  3p2   N/A    N/A    N/A 
   61   9.598557E+03   9.354195E-01   3.708E+14   1.381E+34   2.159E-01      7.320E-01   4.991E-01   8.023E-01   1.804E+00   0.000E+00   0.000E+00   0.000E+00   0.000E+00      9.999E+08   1.114E+07   1.000E+00   00000  3p2   N/A    N/A    N/A 
   62   9.650724E+03   9.466687E-01   3.668E+14   1.341E+34   2.137E-01      7.277E-01   4.928E-01   7.964E-01   1.799E+00   0.000E+00   0.000E+00   0.000E+00   0.000E+00      1.000E+09   7.650E+07   1.000E+00   00000  3p2   N/A    N/A    N/A 
   63   9.702333E+03   9.577973E-01   3.630E+14   1.302E+34   2.115E-01      7.235E-01   4.866E-01   7.905E-01   1.793E+00   0.000E+00   0.000E+00   0.000E+00   0.000E+00      9.998E+08   1.691E+08   1.000E+00   00000  3p2   N/A    N/A    N/A 
   64   9.753399E+03   9.688090E-01   3.591E+14   1.263E+34   2.093E-01      7.194E-01   4.804E-01   7.847E-01   1.788E+00   0.000E+00   0.000E+00   0.000E+00   0.000E+00      9.994E+08   2.823E+08   1.000E+00   00000  3p2   N/A    N/A    N/A 
   65   9.803935E+03   9.797063E-01   3.553E+14   1.225E+34   2.072E-01      7.152E-01   4.741E-01   7.788E-01   1.782E+00   0.000E+00   0.000E+00   0.000E+00   0.000E+00      9.987E+08   4.096E+08   1.000E+00   00000  3p2   N/A    N/A    N/A 
   66   9.853956E+03   9.904926E-01   3.515E+14   1.186E+34   2.051E-01      7.111E-01   4.679E-01   7.731E-01   1.777E+00   0.000E+00   0.000E+00   0.000E+00   0.000E+00      9.979E+08   5.438E+08   1.000E+00   00000  3p2   N/A    N/A    N/A 
   67   9.903475E+03   1.001171E+00   3.478E+14   1.149E+34   2.029E-01      7.070E-01   4.616E-01   7.673E-01   1.771E+00   0.000E+00   0.000E+00   0.000E+00   0.000E+00      9.967E+08   6.798E+08   1.000E+00   00000  3p2   N/A    N/A    N/A 
   68   9.952503E+03   1.011743E+00   3.441E+14   1.111E+34   2.009E-01      7.029E-01   4.554E-01   7.616E-01   1.766E+00   0.000E+00   0.000E+00   0.000E+00   0.000E+00      9.953E+08   8.099E+08   1.000E+00   00000  3p2   N/A    N/A    N/A 
   69   1.000105E+04   1.022211E+00   3.404E+14   1.074E+34   1.988E-01      6.989E-01   4.491E-01   7.559E-01   1.760E+00   0.000E+00   0.000E+00   0.000E+00   0.000E+00      9.937E+08   9.304E+08   1.000E+00   00000  3p2   N/A    N/A    N/A 
   70   1.004913E+04   1.032580E+00   3.368E+14   1.038E+34   1.967E-01      6.948E-01   4.428E-01   7.503E-01   1.755E+00   0.000E+00   0.000E+00   0.000E+00   0.000E+00      9.918E+08   1.039E+09   1.000E+00   00000  3p2   N/A    N/A    N/A 
   71   1.009676E+04   1.042850E+00   3.332E+14   1.001E+34   1.947E-01      6.908E-01   4.365E-01   7.446E-01   1.749E+00   0.000E+00   0.000E+00   0.000E+00   0.000E+00      9.897E+08   1.139E+09   1.000E+00   00000  3p2   N/A    N/A    N/A 
   72   1.014394E+04   1.053024E+00   3.296E+14   9.655E+33   1.927E-01      6.868E-01   4.302E-01   7.390E-01   1.744E+00   0.000E+00   0.000E+00   0.000E+00   0.000E+00      9.874E+08   1.230E+09   1.000E+00   00000  3p2   N/A    N/A    N/A 
   73   1.019069E+04   1.063071E+00   3.260E+14   9.305E+33   1.907E-01      6.828E-01   4.237E-01   7.334E-01   1.738E+00   0.000E+00   0.000E+00   0.000E+00   0.000E+00      9.848E+08   1.315E+09   1.000E+00   00000  3p2   N/A    N/A    N/A 
   74   1.023701E+04   1.072787E+00   3.220E+14   8.999E+33   1.884E-01      6.783E-01   4.164E-01   7.270E-01   1.732E+00   0.000E+00   0.000E+00   0.000E+00   0.000E+00      9.816E+08   1.405E+09   1.000E+00   00000  3p2   N/A    N/A    N/A 
   75   1.028292E+04   1.082415E+00   3.181E+14   8.695E+33   1.862E-01      6.738E-01   4.091E-01   7.207E-01   1.725E+00   0.000E+00   0.000E+00   0.000E+00   0.000E+00      9.780E+08   1.490E+09   1.000E+00   00000  3p2   N/A    N/A    N/A 
   76   1.032842E+04   1.091959E+00   3.141E+14   8.395E+33   1.839E-01      6.693E-01   4.017E-01   7.144E-01   1.719E+00   0.000E+00   0.000E+00   0.000E+00   0.000E+00      9.742E+08   1.573E+09   1.000E+00   00000  3p2   N/A    N/A    N/A 
   77   1.037352E+04   1.101419E+00   3.103E+14   8.097E+33   1.817E-01      6.649E-01   3.942E-01   7.082E-01   1.713E+00   0.000E+00   0.000E+00   0.000E+00   0.000E+00      9.701E+08   1.653E+09   1.000E+00   00000  3p2   N/A    N/A    N/A 
   78   1.041824E+04   1.110798E+00   3.064E+14   7.801E+33   1.795E-01      6.604E-01   3.866E-01   7.019E-01   1.706E+00   0.000E+00   0.000E+00   0.000E+00   0.000E+00      9.656E+08   1.730E+09   1.000E+00   00000  3p2   N/A    N/A    N/A 
   79   1.046257E+04   1.120097E+00   3.026E+14   7.508E+33   1.773E-01      6.560E-01   3.790E-01   6.957E-01   1.700E+00   0.000E+00   0.000E+00   0.000E+00   0.000E+00      9.609E+08   1.806E+09   1.000E+00   00000  3p2   N/A    N/A    N/A 
   80   1.050653E+04   1.129317E+00   2.988E+14   7.218E+33   1.752E-01      6.516E-01   3.713E-01   6.895E-01   1.694E+00   0.000E+00   0.000E+00   0.000E+00   0.000E+00      9.559E+08   1.881E+09   1.000E+00   00000  3p2   N/A    N/A    N/A 
   81   1.055013E+04   1.138462E+00   2.950E+14   6.930E+33   1.730E-01      6.472E-01   3.635E-01   6.834E-01   1.687E+00   0.000E+00   0.000E+00   0.000E+00   0.000E+00      9.505E+08   1.954E+09   1.000E+00   00000  3p2   N/A    N/A    N/A 
   82   1.059336E+04   1.147531E+00   2.913E+14   6.644E+33   1.709E-01      6.428E-01   3.556E-01   6.772E-01   1.681E+00   0.000E+00   0.000E+00   0.000E+00   0.000E+00      9.449E+08   2.026E+09   1.000E+00   00000  3p2   N/A    N/A    N/A 
   83   1.063625E+04   1.156527E+00   2.876E+14   6.361E+33   1.688E-01      6.384E-01   3.476E-01   6.711E-01   1.675E+00   0.000E+00   0.000E+00   0.000E+00   0.000E+00      9.390E+08   2.098E+09   1.000E+00   00000  3p2   N/A    N/A    N/A 
   84   1.067880E+04   1.165451E+00   2.840E+14   6.079E+33   1.667E-01      6.340E-01   3.395E-01   6.649E-01   1.668E+00   0.000E+00   0.000E+00   0.000E+00   0.000E+00      9.328E+08   2.168E+09   1.000E+00   00000  3p2   N/A    N/A    N/A 
   85   1.072101E+04   1.174089E+00   2.801E+14   5.817E+33   1.645E-01      6.294E-01   3.308E-01   6.585E-01   1.661E+00   0.000E+00   0.000E+00   0.000E+00   0.000E+00      9.259E+08   2.242E+09   1.000E+00   00000  3p2   N/A    N/A    N/A 
   86   1.076289E+04   1.182320E+00   2.759E+14   5.582E+33   1.621E-01      6.243E-01   3.210E-01   6.514E-01   1.654E+00   0.000E+00   0.000E+00   0.000E+00   0.000E+00      9.179E+08   2.322E+09   1.000E+00   00000  3p2   N/A    N/A    N/A 
   87   1.080444E+04   1.190486E+00   2.717E+14   5.350E+33   1.597E-01      6.192E-01   3.110E-01   6.443E-01   1.646E+00   0.000E+00   0.000E+00   0.000E+00   0.000E+00      9.096E+08   2.400E+09   1.000E+00   00000  3p2   N/A    N/A    N/A 
   88   1.084568E+04   1.198591E+00   2.676E+14   5.119E+33   1.573E-01      6.141E-01   3.007E-01   6.373E-01   1.638E+00   0.000E+00   0.000E+00   0.000E+00   0.000E+00      9.009E+08   2.475E+09   1.000E+00   00000  3p2   N/A    N/A    N/A 
   89   1.088661E+04   1.206634E+00   2.635E+14   4.889E+33   1.549E-01      6.090E-01   2.902E-01   6.302E-01   1.631E+00   0.000E+00   0.000E+00   0.000E+00   0.000E+00      8.918E+08   2.548E+09   1.000E+00   00000  3p2   N/A    N/A    N/A 
   90   1.092723E+04   1.214618E+00   2.594E+14   4.662E+33   1.526E-01      6.039E-01   2.794E-01   6.232E-01   1.623E+00   0.000E+00   0.000E+00   0.000E+00   0.000E+00      8.823E+08   2.617E+09   1.000E+00   00000  3p2   N/A    N/A    N/A 
   91   1.096755E+04   1.222542E+00   2.554E+14   4.436E+33   1.503E-01      5.988E-01   2.682E-01   6.163E-01   1.615E+00   0.000E+00   0.000E+00   0.000E+00   0.000E+00      8.725E+08   2.683E+09   1.000E+00   00000  3p2   N/A    N/A    N/A 
   92   1.100758E+04   1.230409E+00   2.514E+14   4.212E+33   1.479E-01      5.938E-01   2.566E-01   6.093E-01   1.608E+00   0.000E+00   0.000E+00   0.000E+00   0.000E+00      8.623E+08   2.747E+09   1.000E+00   00000  3p2   N/A    N/A    N/A 
   93   1.104732E+04   1.238219E+00   2.474E+14   3.989E+33   1.456E-01      5.886E-01   2.446E-01   6.024E-01   1.600E+00   0.000E+00   0.000E+00   0.000E+00   0.000E+00      8.517E+08   2.808E+09   1.000E+00   00000  3p2   N/A    N/A    N/A 
   94   1.108678E+04   1.245973E+00   2.434E+14   3.768E+33   1.433E-01      5.835E-01   2.320E-01   5.955E-01   1.592E+00   0.000E+00   0.000E+00   0.000E+00   0.000E+00      8.408E+08   2.868E+09   1.000E+00   00000  3p2   N/A    N/A    N/A 
   95   1.112595E+04   1.253569E+00   2.394E+14   3.554E+33   1.410E-01      5.783E-01   2.185E-01   5.885E-01   1.584E+00   0.000E+00   0.000E+00   0.000E+00   0.000E+00      8.292E+08   2.928E+09   1.000E+00   00000  3p2   N/A    N/A    N/A 
   96   1.116485E+04   1.260495E+00   2.348E+14   3.373E+33   1.383E-01      5.721E-01   2.017E-01   5.804E-01   1.574E+00   0.000E+00   0.000E+00   0.000E+00   0.000E+00      8.153E+08   2.997E+09   1.000E+00   00000  3p2   N/A    N/A    N/A 
   97   1.120349E+04   1.267373E+00   2.301E+14   3.192E+33   1.356E-01      5.660E-01   1.836E-01   5.724E-01   1.564E+00   0.000E+00   0.000E+00   0.000E+00   0.000E+00      8.009E+08   3.064E+09   1.000E+00   00000  3p2   N/A    N/A    N/A 
   98   1.124186E+04   1.274204E+00   2.256E+14   3.013E+33   1.330E-01      5.598E-01   1.636E-01   5.645E-01   1.555E+00   0.000E+00   0.000E+00   0.000E+00   0.000E+00      7.860E+08   3.127E+09   1.000E+00   00000  3p2   N/A    N/A    N/A 
   99   1.127996E+04   1.280989E+00   2.210E+14   2.836E+33   1.303E-01      5.536E-01   1.411E-01   5.567E-01   1.545E+00   0.000E+00   0.000E+00   0.000E+00   0.000E+00      7.707E+08   3.184E+09   1.000E+00   00000  3p2   N/A    N/A    N/A 
  100   1.131782E+04   1.287728E+00   2.165E+14   2.659E+33   1.277E-01      5.474E-01   1.143E-01   5.490E-01   1.535E+00   0.000E+00   0.000E+00   0.000E+00   0.000E+00      7.548E+08   3.230E+09   1.000E+00   00000  3p2   N/A    N/A    N/A 
  101   1.135542E+04   1.294423E+00   2.120E+14   2.484E+33   1.251E-01      5.411E-01   7.901E-02   5.417E-01   1.525E+00   0.000E+00   0.000E+00   0.000E+00   0.000E+00      7.385E+08   3.264E+09   1.000E+00   00000  3p2   N/A    N/A    N/A 
  102   1.139277E+04   1.301073E+00   2.075E+14   2.310E+33   1.225E-01      5.348E-01  -0.000E+00   5.348E-01   1.514E+00   0.000E+00   0.000E+00   0.000E+00   0.000E+00      7.217E+08   3.284E+09   1.000E+00   00000  3p2   N/A    N/A    N/A 
  103   1.142988E+04   1.307680E+00   2.031E+14   2.136E+33   1.199E-01      5.285E-01  -0.000E+00   5.285E-01   1.504E+00   0.000E+00   0.000E+00   0.000E+00   0.000E+00      7.045E+08   3.290E+09   1.000E+00   00000  3p2   N/A    N/A    N/A 
  104   1.146675E+04   1.313631E+00   1.980E+14   1.988E+33   1.169E-01      5.210E-01  -0.000E+00   5.210E-01   1.492E+00   0.000E+00   0.000E+00   0.000E+00   0.000E+00      6.839E+08   3.283E+09   1.000E+00   00000  3p2   N/A    N/A    N/A 
  105   1.150339E+04   1.319366E+00   1.927E+14   1.848E+33   1.138E-01      5.132E-01  -0.000E+00   5.132E-01   1.479E+00   0.000E+00   0.000E+00   0.000E+00   0.000E+00      6.620E+08   3.258E+09   1.000E+00   00000  3p2   N/A    N/A    N/A 
  106   1.153979E+04   1.325065E+00   1.874E+14   1.708E+33   1.107E-01      5.053E-01  -0.000E+00   5.053E-01   1.466E+00   0.000E+00   0.000E+00   0.000E+00   0.000E+00      6.397E+08   3.220E+09   1.000E+00   00000  3p2   N/A    N/A    N/A 
  107   1.157597E+04   1.330729E+00   1.822E+14   1.570E+33   1.077E-01      4.973E-01  -0.000E+00   4.973E-01   1.453E+00   0.000E+00   0.000E+00   0.000E+00   0.000E+00      6.169E+08   3.168E+09   1.000E+00   00000  3p2   N/A    N/A    N/A 
  108   1.161192E+04   1.336357E+00   1.769E+14   1.432E+33   1.046E-01      4.892E-01  -0.000E+00   4.892E-01   1.439E+00   0.000E+00   0.000E+00   0.000E+00   0.000E+00      5.938E+08   3.107E+09   1.000E+00   00000  3p2   N/A    N/A    N/A 
  109   1.164765E+04   1.341950E+00   1.718E+14   1.295E+33   1.016E-01      4.810E-01  -0.000E+00   4.810E-01   1.425E+00   0.000E+00   0.000E+00   0.000E+00   0.000E+00      5.704E+08   3.039E+09   1.000E+00   00000  3p2   N/A    N/A    N/A 
  110   1.168316E+04   1.347272E+00   1.663E+14   1.167E+33   9.834E-02      4.721E-01  -0.000E+00   4.721E-01   1.411E+00   0.000E+00   0.000E+00   0.000E+00   0.000E+00      5.452E+08   2.959E+09   1.000E+00   00000  3p2   N/A    N/A    N/A 
  111   1.171845E+04   1.352009E+00   1.600E+14   1.057E+33   9.465E-02      4.618E-01  -0.000E+00   4.618E-01   1.393E+00   0.000E+00   0.000E+00   0.000E+00   0.000E+00      5.158E+08   2.861E+09   1.000E+00   00000  3p2   N/A    N/A    N/A 
  112   1.174826E+04   1.356008E+00   1.540E+14   9.642E+32   9.108E-02      4.532E-01                           1.264E+00                                                      1.666E+09                                  1s0  926.9  232.0   32.0
  113   1.178124E+04   1.360434E+00   1.482E+14   8.615E+32   8.765E-02      4.450E-01                           1.251E+00                                                      1.837E+09                                  1s0  942.4  232.0   32.0
  114   1.181421E+04   1.364860E+00   1.426E+14   7.588E+32   8.434E-02      4.370E-01                           1.237E+00                                                      2.022E+09                                  1s0  957.4  232.0   32.0
  115   1.184361E+04   1.368730E+00   1.372E+14   6.693E+32   8.116E-02      4.293E-01                           1.223E+00                                                      2.217E+09                                  1s0  971.8  232.0   32.0
  116   1.185765E+04   1.370219E+00   1.320E+14   6.361E+32   7.810E-02      4.205E-01                           1.210E+00                                                      2.399E+09                                  1s0  995.2  232.0   32.0
  117   1.187169E+04   1.371709E+00   1.271E+14   6.029E+32   7.517E-02      4.087E-01                           1.201E+00                                                      2.541E+09                                  1s0 1043.5  232.0   32.0
  118   1.188573E+04   1.373198E+00   1.223E+14   5.697E+32   7.235E-02      3.977E-01                           1.190E+00                                                      2.690E+09                                  1s0 1090.1  232.0   32.0
  119   1.189977E+04   1.374688E+00   1.177E+14   5.365E+32   6.963E-02      3.874E-01                           1.179E+00                                                      2.842E+09                                  1s0 1134.9  232.0   32.0
  120   1.191381E+04   1.376178E+00   1.132E+14   5.033E+32   6.702E-02      3.778E-01                           1.168E+00                                                      2.993E+09                                  1s0 1178.0  232.0   32.0
  121   1.192785E+04   1.377667E+00   1.090E+14   4.701E+32   6.451E-02      3.687E-01                           1.156E+00                                                      3.139E+09                                  1s0 1219.4  232.0   32.0
  122   1.194189E+04   1.379157E+00   1.049E+14   4.369E+32   6.209E-02      3.601E-01                           1.145E+00                                                      3.280E+09                                  1s0 1259.3  232.0   32.0
  123   1.195593E+04   1.380646E+00   1.009E+14   4.037E+32   5.976E-02      3.520E-01                           1.133E+00                                                      3.416E+09                                  1s0 1297.8  232.0   32.0
  124   1.196799E+04   1.381704E+00   9.711E+13   3.806E+32   5.752E-02      3.443E-01                           1.121E+00                                                      3.547E+09                                  1s0 1334.7  232.0   32.0
  125   1.197919E+04   1.382574E+00   9.345E+13   3.618E+32   5.536E-02      3.370E-01                           1.108E+00                                                      3.674E+09                                  1s0 1370.3  232.0   32.0
  126   1.199039E+04   1.383444E+00   8.993E+13   3.431E+32   5.329E-02      3.300E-01                           1.096E+00                                                      3.796E+09                                  1s0 1404.5  232.0   32.0
  127   1.200160E+04   1.384314E+00   8.655E+13   3.243E+32   5.129E-02      3.234E-01                           1.084E+00                                                      3.915E+09                                  1s0 1437.4  232.0   32.0
  128   1.201280E+04   1.385184E+00   8.328E+13   3.055E+32   4.937E-02      3.169E-01                           1.072E+00                                                      4.029E+09                                  1s0 1469.1  232.0   32.0
  129   1.202400E+04   1.386054E+00   8.015E+13   2.868E+32   4.752E-02      3.108E-01                           1.060E+00                                                      4.139E+09                                  1s0 1499.6  232.0   32.0
  130   1.203521E+04   1.386924E+00   7.713E+13   2.680E+32   4.573E-02      3.291E-01                           1.060E+00                                                      4.135E+09                                  1s0 1519.5  183.0   40.0
  131   1.204641E+04   1.387795E+00   7.422E+13   2.492E+32   4.401E-02      3.236E-01                           1.047E+00                                                      4.247E+09                                  1s0 1538.6  183.0   40.0
  132   1.205761E+04   1.388665E+00   7.142E+13   2.305E+32   4.236E-02      3.182E-01                           1.034E+00                                                      4.353E+09                                  1s0 1556.9  183.0   40.0
  133   1.206678E+04   1.389199E+00   6.873E+13   2.192E+32   4.077E-02      3.130E-01                           1.022E+00                                                      4.453E+09                                  1s0 1574.5  183.0   40.0
  134   1.207574E+04   1.389699E+00   6.614E+13   2.087E+32   3.923E-02      3.079E-01                           1.009E+00                                                      4.548E+09                                  1s0 1591.5  183.0   40.0
  135   1.208470E+04   1.390198E+00   6.365E+13   1.983E+32   3.776E-02      3.030E-01                           9.969E-01                                                      4.637E+09                                  1s0 1607.8  183.0   40.0
  136   1.209365E+04   1.390698E+00   6.125E+13   1.878E+32   3.634E-02      2.982E-01                           9.847E-01                                                      4.720E+09                                  1s0 1623.5  183.0   40.0
  137   1.210261E+04   1.391197E+00   5.894E+13   1.774E+32   3.497E-02      2.935E-01                           9.725E-01                                                      4.798E+09                                  1s0 1638.7  183.0   40.0
  138   1.211157E+04   1.391697E+00   5.672E+13   1.669E+32   3.366E-02      2.889E-01                           9.606E-01                                                      4.869E+09                                  1s0 1653.2  183.0   40.0
  139   1.212052E+04   1.392196E+00   5.459E+13   1.564E+32   3.239E-02      2.844E-01                           9.487E-01                                                      4.934E+09                                  1s0 1667.2  183.0   40.0
  140   1.212948E+04   1.392695E+00   5.253E+13   1.460E+32   3.118E-02      2.801E-01                           9.370E-01                                                      4.994E+09                                  1s0 1680.7  183.0   40.0
  141   1.213844E+04   1.393195E+00   5.055E+13   1.355E+32   3.001E-02      2.758E-01                           9.254E-01                                                      5.047E+09                                  1s0 1693.7  183.0   40.0
  142   1.214627E+04   1.393539E+00   4.865E+13   1.284E+32   2.888E-02      2.717E-01                           9.139E-01                                                      5.094E+09                                  1s0 1706.1  183.0   40.0
  143   1.215377E+04   1.393837E+00   4.681E+13   1.223E+32   2.779E-02      2.676E-01                           9.026E-01                                                      5.134E+09                                  1s0 1718.2  183.0   40.0
  144   1.216126E+04   1.394135E+00   4.505E+13   1.163E+32   2.675E-02      2.636E-01                           8.914E-01                                                      5.169E+09                                  1s0 1729.7  183.0   40.0
  145   1.216876E+04   1.394433E+00   4.335E+13   1.102E+32   2.575E-02      2.597E-01                           8.803E-01                                                      5.197E+09                                  1s0 1740.8  183.0   40.0
  146   1.217626E+04   1.394731E+00   4.172E+13   1.041E+32   2.478E-02      2.559E-01                           8.693E-01                                                      5.219E+09                                  1s0 1751.5  183.0   40.0
  147   1.218376E+04   1.395029E+00   4.015E+13   9.801E+31   2.385E-02      2.521E-01                           8.585E-01                                                      5.235E+09                                  1s0 1761.8  183.0   40.0
  148   1.219126E+04   1.395326E+00   3.863E+13   9.193E+31   2.295E-02      2.485E-01                           8.478E-01                                                      5.244E+09                                  1s0 1771.7  183.0   40.0
  149   1.219876E+04   1.395624E+00   3.718E+13   8.584E+31   2.209E-02      2.449E-01                           8.372E-01                                                      5.248E+09                                  1s0 1781.3  183.0   40.0
  150   1.220625E+04   1.395922E+00   3.578E+13   7.976E+31   2.126E-02      2.414E-01                           8.268E-01                                                      5.245E+09                                  1s0 1790.5  183.0   40.0
  151   1.221298E+04   1.396146E+00   3.443E+13   7.523E+31   2.046E-02      2.379E-01                           8.165E-01                                                      5.236E+09                                  1s0 1799.3  183.0   40.0
  152   1.221918E+04   1.396321E+00   3.313E+13   7.174E+31   1.969E-02      2.543E-01                           8.040E-01                                                      5.217E+09                                  1s0 1772.4  193.0   50.0
  153   1.222539E+04   1.396496E+00   3.188E+13   6.824E+31   1.895E-02      2.525E-01                           7.932E-01                                                      5.193E+09                                  1s0 1743.4  193.0   50.0
  154   1.223160E+04   1.396671E+00   3.068E+13   6.475E+31   1.824E-02      2.506E-01                           7.826E-01                                                      5.162E+09                                  1s0 1715.4  193.0   50.0
  155   1.223780E+04   1.396846E+00   2.953E+13   6.126E+31   1.755E-02      2.487E-01                           7.722E-01                                                      5.126E+09                                  1s0 1688.6  193.0   50.0
  156   1.224401E+04   1.397021E+00   2.841E+13   5.776E+31   1.689E-02      2.469E-01                           7.618E-01                                                      5.085E+09                                  1s0 1662.7  193.0   50.0
  157   1.225021E+04   1.397195E+00   2.734E+13   5.427E+31   1.626E-02      2.449E-01                           7.517E-01                                                      5.039E+09                                  1s0 1637.8  193.0   50.0
  158   1.225642E+04   1.397370E+00   2.631E+13   5.078E+31   1.565E-02      2.430E-01                           7.416E-01                                                      4.990E+09                                  1s0 1613.9  193.0   50.0
  159   1.226263E+04   1.397545E+00   2.532E+13   4.728E+31   1.506E-02      2.411E-01                           7.317E-01                                                      4.938E+09                                  1s0 1590.8  193.0   50.0
  160   1.226851E+04   1.397697E+00   2.437E+13   4.425E+31   1.449E-02      2.392E-01                           7.220E-01                                                      4.882E+09                                  1s0 1568.7  193.0   50.0
  161   1.227371E+04   1.397801E+00   2.345E+13   4.223E+31   1.395E-02      2.372E-01                           7.124E-01                                                      4.825E+09                                  1s0 1547.3  193.0   50.0
  162   1.227890E+04   1.397904E+00   2.257E+13   4.020E+31   1.342E-02      2.352E-01                           7.029E-01                                                      4.765E+09                                  1s0 1526.8  193.0   50.0
  163   1.228410E+04   1.398007E+00   2.172E+13   3.818E+31   1.292E-02      2.333E-01                           6.935E-01                                                      4.705E+09                                  1s0 1507.0  193.0   50.0
  164   1.228929E+04   1.398111E+00   2.090E+13   3.615E+31   1.243E-02      2.313E-01                           6.843E-01                                                      4.643E+09                                  1s0 1488.0  193.0   50.0
  165   1.229449E+04   1.398214E+00   2.011E+13   3.413E+31   1.197E-02      2.293E-01                           6.752E-01                                                      4.580E+09                                  1s0 1469.7  193.0   50.0
  166   1.229969E+04   1.398317E+00   1.935E+13   3.210E+31   1.152E-02      2.273E-01                           6.662E-01                                                      4.516E+09                                  1s0 1452.1  193.0   50.0
  167   1.230488E+04   1.398421E+00   1.862E+13   3.008E+31   1.108E-02      2.253E-01                           6.573E-01                                                      4.453E+09                                  1s0 1435.1  193.0   50.0
  168   1.231008E+04   1.398524E+00   1.792E+13   2.805E+31   1.067E-02      2.233E-01                           6.486E-01                                                      4.389E+09                                  1s0 1418.8  193.0   50.0
  169   1.231526E+04   1.398627E+00   1.725E+13   2.603E+31   1.027E-02      2.213E-01                           6.400E-01                                                      4.325E+09                                  1s0 1403.1  193.0   50.0
  170   1.231952E+04   1.398686E+00   1.660E+13   2.488E+31   9.881E-03      2.192E-01                           6.315E-01                                                      4.261E+09                                  1s0 1388.0  193.0   50.0
  171   1.232378E+04   1.398746E+00   1.597E+13   2.373E+31   9.510E-03      2.172E-01                           6.232E-01                                                      4.198E+09                                  1s0 1373.5  193.0   50.0
  172   1.232804E+04   1.398806E+00   1.537E+13   2.259E+31   9.153E-03      2.152E-01                           6.149E-01                                                      4.136E+09                                  1s0 1359.5  193.0   50.0
  173   1.233230E+04   1.398865E+00   1.479E+13   2.144E+31   8.809E-03      2.134E-01                           6.118E-01                                                      4.111E+09                                  1s0 1341.9  164.0   50.0
  174   1.233656E+04   1.398925E+00   1.423E+13   2.029E+31   8.477E-03      2.121E-01                           6.034E-01                                                      4.048E+09                                  1s0 1315.5  164.0   50.0
  175   1.234082E+04   1.398984E+00   1.370E+13   1.914E+31   8.158E-03      2.108E-01                           5.952E-01                                                      3.985E+09                                  1s0 1290.1  164.0   50.0
  176   1.234508E+04   1.399044E+00   1.318E+13   1.799E+31   7.851E-03      2.094E-01                           5.871E-01                                                      3.923E+09                                  1s0 1265.7  164.0   50.0
  177   1.234934E+04   1.399103E+00   1.268E+13   1.684E+31   7.555E-03      2.080E-01                           5.791E-01                                                      3.862E+09                                  1s0 1242.1  164.0   50.0
  178   1.235360E+04   1.399163E+00   1.221E+13   1.569E+31   7.271E-03      2.067E-01                           5.712E-01                                                      3.802E+09                                  1s0 1219.5  164.0   50.0
  179   1.235744E+04   1.399209E+00   1.175E+13   1.480E+31   6.997E-03      2.053E-01                           5.634E-01                                                      3.742E+09                                  1s0 1197.7  164.0   50.0
  180   1.236085E+04   1.399242E+00   1.130E+13   1.417E+31   6.733E-03      2.039E-01                           5.557E-01                                                      3.682E+09                                  1s0 1176.7  164.0   50.0
  181   1.236426E+04   1.399276E+00   1.088E+13   1.354E+31   6.480E-03      2.024E-01                           5.481E-01                                                      3.623E+09                                  1s0 1156.5  164.0   50.0
  182   1.236768E+04   1.399309E+00   1.047E+13   1.291E+31   6.236E-03      2.010E-01                           5.406E-01                                                      3.564E+09                                  1s0 1137.1  164.0   50.0
  183   1.237109E+04   1.399342E+00   1.007E+13   1.228E+31   6.001E-03      1.995E-01                           5.332E-01                                                      3.505E+09                                  1s0 1118.4  164.0   50.0
  184   1.237450E+04   1.399375E+00   9.694E+12   1.165E+31   5.775E-03      1.981E-01                           5.260E-01                                                      3.447E+09                                  1s0 1100.4  164.0   50.0
  185   1.237791E+04   1.399408E+00   9.328E+12   1.102E+31   5.558E-03      1.965E-01                           5.194E-01                                                      3.393E+09                                  1s0 1084.4  161.0   50.0
  186   1.238133E+04   1.399441E+00   8.977E+12   1.039E+31   5.349E-03      1.949E-01                           5.124E-01                                                      3.335E+09                                  1s0 1069.0  161.0   50.0
  187   1.238474E+04   1.399474E+00   8.639E+12   9.756E+30   5.147E-03      1.934E-01                           5.054E-01                                                      3.277E+09                                  1s0 1054.2  161.0   50.0
  188   1.238815E+04   1.399507E+00   8.313E+12   9.125E+30   4.954E-03      1.918E-01                           4.986E-01                                                      3.219E+09                                  1s0 1040.0  161.0   50.0
  189   1.239115E+04   1.399532E+00   8.000E+12   8.649E+30   4.767E-03      1.902E-01                           4.919E-01                                                      3.161E+09                                  1s0 1026.3  161.0   50.0
  190   1.239372E+04   1.399549E+00   7.699E+12   8.334E+30   4.588E-03      1.886E-01                           4.852E-01                                                      3.102E+09                                  1s0 1013.1  161.0   50.0
  191   1.239629E+04   1.399566E+00   7.408E+12   8.019E+30   4.415E-03      1.870E-01                           4.787E-01                                                      3.044E+09                                  1s0 1000.4  161.0   50.0
  192   1.239886E+04   1.399583E+00   7.129E+12   7.705E+30   4.249E-03      1.853E-01                           4.722E-01                                                      2.986E+09                                  1s0  988.2  161.0   50.0
  193   1.240143E+04   1.399599E+00   6.861E+12   7.390E+30   4.089E-03      1.837E-01                           4.659E-01                                                      2.928E+09                                  1s0  976.4  161.0   50.0
  194   1.240400E+04   1.399616E+00   6.602E+12   7.075E+30   3.935E-03      1.821E-01                           4.596E-01                                                      2.871E+09                                  1s0  965.1  161.0   50.0
  195   1.240657E+04   1.399633E+00   6.353E+12   6.760E+30   3.787E-03      1.805E-01                           4.534E-01                                                      2.813E+09                                  1s0  954.2  161.0   50.0
  196   1.240913E+04   1.399650E+00   6.114E+12   6.445E+30   3.645E-03      1.796E-01                           4.473E-01                                                      2.757E+09                                  1s0  932.1  159.0   50.0
  197   1.241170E+04   1.399666E+00   5.884E+12   6.130E+30   3.508E-03      1.791E-01                           4.407E-01                                                      2.694E+09                                  1s0  903.2  159.0   50.0
  198   1.241427E+04   1.399683E+00   5.662E+12   5.815E+30   3.376E-03      1.787E-01                           4.341E-01                                                      2.632E+09                                  1s0  875.5  159.0   50.0
  199   1.241684E+04   1.399700E+00   5.449E+12   5.501E+30   3.248E-03      1.783E-01                           4.276E-01                                                      2.571E+09                                  1s0  848.7  159.0   50.0
  200   1.241939E+04   1.399716E+00   5.243E+12   5.191E+30   3.126E-03      1.778E-01                           4.211E-01                                                      2.509E+09                                  1s0  823.0  159.0   50.0
  201   1.242149E+04   1.399725E+00   5.046E+12   5.034E+30   3.008E-03      1.774E-01                           4.147E-01                                                      2.448E+09                                  1s0  798.3  159.0   50.0
  202   1.242358E+04   1.399733E+00   4.856E+12   4.876E+30   2.895E-03      1.769E-01                           4.084E-01                                                      2.388E+09                                  1s0  774.4  159.0   50.0
  203   1.242567E+04   1.399742E+00   4.673E+12   4.719E+30   2.786E-03      1.764E-01                           4.022E-01                                                      2.328E+09                                  1s0  751.5  159.0   50.0
  204   1.242776E+04   1.399750E+00   4.497E+12   4.562E+30   2.681E-03      1.759E-01                           3.960E-01                                                      2.269E+09                                  1s0  729.5  159.0   50.0
  205   1.242986E+04   1.399758E+00   4.327E+12   4.405E+30   2.580E-03      1.754E-01                           3.898E-01                                                      2.211E+09                                  1s0  708.2  159.0   50.0
  206   1.243195E+04   1.399767E+00   4.164E+12   4.247E+30   2.483E-03      1.748E-01                           3.838E-01                                                      2.153E+09                                  1s0  687.8  159.0   50.0
  207   1.243404E+04   1.399775E+00   4.007E+12   4.090E+30   2.390E-03      1.743E-01                           3.778E-01                                                      2.096E+09                                  1s0  668.2  159.0   50.0
  208   1.243613E+04   1.399784E+00   3.856E+12   3.933E+30   2.300E-03      1.737E-01                           3.719E-01                                                      2.039E+09                                  1s0  649.2  159.0   50.0
  209   1.243823E+04   1.399792E+00   3.711E+12   3.776E+30   2.213E-03      1.732E-01                           3.660E-01                                                      1.984E+09                                  1s0  631.0  159.0   50.0
  210   1.244032E+04   1.399801E+00   3.571E+12   3.619E+30   2.130E-03      1.726E-01                           3.602E-01                                                      1.929E+09                                  1s0  613.5  159.0   50.0
  211   1.244241E+04   1.399809E+00   3.437E+12   3.461E+30   2.050E-03      1.720E-01                           3.544E-01                                                      1.875E+09                                  1s0  596.7  159.0   50.0
  212   1.244450E+04   1.399818E+00   3.307E+12   3.304E+30   1.973E-03      1.714E-01                           3.487E-01                                                      1.822E+09                                  1s0  580.4  159.0   50.0
  213   1.244658E+04   1.399826E+00   3.183E+12   3.152E+30   1.898E-03      1.707E-01                           3.431E-01                                                      1.769E+09                                  1s0  564.8  159.0   50.0
  214   1.244836E+04   1.399830E+00   3.063E+12   3.073E+30   1.827E-03      1.701E-01                           3.375E-01                                                      1.718E+09                                  1s0  549.8  159.0   50.0
  215   1.245015E+04   1.399834E+00   2.947E+12   2.994E+30   1.758E-03      1.694E-01                           3.320E-01                                                      1.668E+09                                  1s0  535.4  159.0   50.0
  216   1.245194E+04   1.399839E+00   2.836E+12   2.914E+30   1.692E-03      1.687E-01                           3.266E-01                                                      1.618E+09                                  1s0  521.4  159.0   50.0
  217   1.245373E+04   1.399843E+00   2.729E+12   2.835E+30   1.628E-03      1.680E-01                           3.212E-01                                                      1.570E+09                                  1s0  508.1  159.0   50.0
  218   1.245552E+04   1.399847E+00   2.626E+12   2.756E+30   1.567E-03      1.554E-01                           3.284E-01                                                      1.635E+09                                  1s0  494.2  117.0   40.0
  219   1.245730E+04   1.399851E+00   2.528E+12   2.677E+30   1.508E-03      1.550E-01                           3.232E-01                                                      1.588E+09                                  1s0  479.3  117.0   40.0
  220   1.245909E+04   1.399856E+00   2.432E+12   2.598E+30   1.451E-03      1.546E-01                           3.180E-01                                                      1.542E+09                                  1s0  464.9  117.0   40.0
  221   1.246088E+04   1.399860E+00   2.341E+12   2.519E+30   1.397E-03      1.542E-01                           3.129E-01                                                      1.496E+09                                  1s0  451.1  117.0   40.0
  222   1.246267E+04   1.399864E+00   2.252E+12   2.439E+30   1.344E-03      1.538E-01                           3.078E-01                                                      1.452E+09                                  1s0  437.8  117.0   40.0
  223   1.246446E+04   1.399869E+00   2.168E+12   2.360E+30   1.294E-03      1.533E-01                           3.028E-01                                                      1.408E+09                                  1s0  424.9  117.0   40.0
  224   1.246624E+04   1.399873E+00   2.086E+12   2.281E+30   1.245E-03      1.529E-01                           2.978E-01                                                      1.366E+09                                  1s0  412.6  117.0   40.0
  225   1.246803E+04   1.399877E+00   2.007E+12   2.202E+30   1.198E-03      1.524E-01                           2.929E-01                                                      1.324E+09                                  1s0  400.8  117.0   40.0
  226   1.246982E+04   1.399881E+00   1.932E+12   2.123E+30   1.153E-03      1.519E-01                           2.880E-01                                                      1.283E+09                                  1s0  389.4  117.0   40.0
  227   1.247161E+04   1.399886E+00   1.859E+12   2.043E+30   1.110E-03      1.514E-01                           2.831E-01                                                      1.243E+09                                  1s0  378.4  117.0   40.0
  228   1.247339E+04   1.399890E+00   1.789E+12   1.964E+30   1.068E-03      1.509E-01                           2.783E-01                                                      1.203E+09                                  1s0  367.8  117.0   40.0
  229   1.247531E+04   1.399893E+00   1.721E+12   1.912E+30   1.028E-03      1.504E-01                           2.736E-01                                                      1.165E+09                                  1s0  357.6  117.0   40.0
  230   1.247725E+04   1.399895E+00   1.657E+12   1.866E+30   9.890E-04      1.499E-01                           2.689E-01                                                      1.126E+09                                  1s0  347.9  117.0   40.0
  231   1.247920E+04   1.399898E+00   1.594E+12   1.819E+30   9.518E-04      1.493E-01                           2.642E-01                                                      1.089E+09                                  1s0  338.4  117.0   40.0
  232   1.248114E+04   1.399901E+00   1.534E+12   1.773E+30   9.160E-04      1.488E-01                           2.596E-01                                                      1.052E+09                                  1s0  329.4  117.0   40.0
  233   1.248309E+04   1.399903E+00   1.476E+12   1.727E+30   8.816E-04      1.482E-01                           2.550E-01                                                      1.016E+09                                  1s0  320.6  117.0   40.0
  234   1.248503E+04   1.399906E+00   1.421E+12   1.681E+30   8.484E-04      1.476E-01                           2.509E-01                                                      9.839E+08                                  1s0  312.3  116.0   40.0
  235   1.248698E+04   1.399908E+00   1.367E+12   1.635E+30   8.165E-04      1.470E-01                           2.464E-01                                                      9.489E+08                                  1s0  304.3  116.0   40.0
  236   1.248892E+04   1.399911E+00   1.316E+12   1.588E+30   7.858E-04      1.464E-01                           2.420E-01                                                      9.145E+08                                  1s0  296.6  116.0   40.0
  237   1.249087E+04   1.399913E+00   1.266E+12   1.542E+30   7.562E-04      1.458E-01                           2.376E-01                                                      8.805E+08                                  1s0  289.2  116.0   40.0
  238   1.249281E+04   1.399916E+00   1.218E+12   1.496E+30   7.278E-04      1.451E-01                           2.332E-01                                                      8.470E+08                                  1s0  282.1  116.0   40.0
  239   1.249476E+04   1.399918E+00   1.172E+12   1.450E+30   7.004E-04      1.445E-01                           2.289E-01                                                      8.139E+08                                  1s0  275.2  116.0   40.0
  240   1.249670E+04   1.399921E+00   1.128E+12   1.404E+30   6.741E-04      1.438E-01                           2.247E-01                                                      7.812E+08                                  1s0  268.6  116.0   40.0
  241   1.249865E+04   1.399923E+00   1.086E+12   1.358E+30   6.487E-04      1.431E-01                           2.204E-01                                                      7.490E+08                                  1s0  262.2  116.0   40.0
  242   1.250059E+04   1.399926E+00   1.045E+12   1.311E+30   6.244E-04      1.424E-01                           2.163E-01                                                      7.171E+08                                  1s0  256.1  116.0   40.0
  243   1.250254E+04   1.399928E+00   1.005E+12   1.265E+30   6.009E-04      1.417E-01                           2.121E-01                                                      6.855E+08                                  1s0  250.2  116.0   40.0
  244   1.250459E+04   1.399931E+00   9.676E+11   1.221E+30   5.783E-04      1.410E-01                           2.080E-01                                                      6.543E+08                                  1s0  244.6  116.0   40.0
  245   1.250720E+04   1.399933E+00   9.311E+11   1.186E+30   5.565E-04      1.402E-01                           2.040E-01                                                      6.234E+08                                  1s0  239.1  116.0   40.0
  246   1.250981E+04   1.399935E+00   8.961E+11   1.151E+30   5.355E-04      1.395E-01                           1.999E-01                                                      5.929E+08                                  1s0  233.9  116.0   40.0
  247   1.251242E+04   1.399937E+00   8.623E+11   1.115E+30   5.154E-04      1.387E-01                           1.960E-01                                                      5.626E+08                                  1s0  228.8  116.0   40.0
  248   1.251503E+04   1.399939E+00   8.298E+11   1.080E+30   4.959E-04      1.379E-01                           1.920E-01                                                      5.327E+08                                  1s0  224.0  116.0   40.0
  249   1.251764E+04   1.399940E+00   7.985E+11   1.045E+30   4.773E-04      1.371E-01                           1.881E-01                                                      5.032E+08                                  1s0  219.3  116.0   40.0
  250   1.252024E+04   1.399942E+00   7.685E+11   1.010E+30   4.593E-04      1.363E-01                           1.843E-01                                                      4.742E+08                                  1s0  214.8  116.0   40.0
  251   1.252285E+04   1.399944E+00   7.395E+11   9.749E+29   4.420E-04      1.355E-01                           1.804E-01                                                      4.458E+08                                  1s0  210.5  116.0   40.0
  252   1.252546E+04   1.399946E+00   7.116E+11   9.398E+29   4.254E-04      1.347E-01                           1.767E-01                                                      4.179E+08                                  1s0  206.3  116.0   40.0
  253   1.252807E+04   1.399948E+00   6.848E+11   9.047E+29   4.093E-04      1.338E-01                           1.729E-01                                                      3.906E+08                                  1s0  202.3  116.0   40.0
  254   1.253068E+04   1.399950E+00   6.590E+11   8.695E+29   3.939E-04      1.330E-01                           1.692E-01                                                      3.638E+08                                  1s0  198.4  116.0   40.0
  255   1.253329E+04   1.399952E+00   6.342E+11   8.344E+29   3.791E-04      1.322E-01                           1.655E-01                                                      3.374E+08                                  1s0  194.5  116.0   40.0
  256   1.253589E+04   1.399954E+00   6.103E+11   7.993E+29   3.648E-04      1.313E-01                           1.618E-01                                                      3.118E+08                                  1s0  190.8  116.0   40.0
  257   1.253850E+04   1.399956E+00   5.873E+11   7.641E+29   3.511E-04      1.305E-01                           1.581E-01                                                      2.869E+08                                  1s0  187.2  116.0   40.0
  258   1.254073E+04   1.399957E+00   5.652E+11   7.441E+29   3.379E-04      1.296E-01                           1.545E-01                                                      2.628E+08                                  1s0  183.8  116.0   40.0
  259   1.254280E+04   1.399958E+00   5.439E+11   7.304E+29   3.252E-04      1.287E-01                           1.509E-01                                                      2.395E+08                                  1s0  180.5  116.0   40.0
  260   1.254487E+04   1.399959E+00   5.234E+11   7.166E+29   3.130E-04      1.287E-01                           1.457E-01                                                      2.064E+08                                  1s0  174.1  116.0   40.0
  261   1.254693E+04   1.399959E+00   5.037E+11   7.029E+29   3.012E-04      1.287E-01                           1.399E-01                                                      1.719E+08                                  1s0  167.4  116.0   40.0
  262   1.254900E+04   1.399960E+00   4.847E+11   6.892E+29   2.899E-04      1.287E-01                           1.338E-01                                                      1.379E+08                                  1s0  160.9  116.0   40.0
  263   1.255107E+04   1.399961E+00   4.664E+11   6.755E+29   2.790E-04      1.288E-01                           1.274E-01                                                      1.046E+08                                  1s0  154.7  116.0   40.0
  264   1.255313E+04   1.399962E+00   4.488E+11   6.617E+29   2.685E-04      1.288E-01                           1.205E-01                                                      7.237E+07                                  1s0  148.8  116.0   40.0
  265   1.255520E+04   1.399963E+00   4.319E+11   6.480E+29   2.584E-04      1.289E-01                           1.131E-01                                                      4.172E+07                                  1s0  143.0  116.0   40.0
  266   1.255727E+04   1.399963E+00   4.157E+11   6.343E+29   2.487E-04      1.289E-01                           1.048E-01                                                      1.351E+07                                  1s0  137.5  116.0   40.0
  267   1.255934E+04   1.399964E+00   4.000E+11   6.206E+29   2.394E-04      1.290E-01                           9.542E-02                                                      8.963E+03                                  1s0  132.2  116.0   40.0
  268   1.256141E+04   1.399965E+00   3.849E+11   6.068E+29   2.304E-04      1.280E-01                                                                                                                                          130.0  130.0   40.0
  269   1.256347E+04   1.399966E+00   3.704E+11   5.931E+29   2.217E-04      1.264E-01                                                                                                                                          130.0  130.0   40.0
  270   1.256554E+04   1.399966E+00   3.564E+11   5.794E+29   2.133E-04      1.248E-01                                                                                                                                          130.0  130.0   40.0
  271   1.256761E+04   1.399967E+00   3.430E+11   5.656E+29   2.053E-04      1.232E-01                                                                                                                                          130.0  130.0   40.0
  272   1.256968E+04   1.399968E+00   3.301E+11   5.519E+29   1.975E-04      1.216E-01                                                                                                                                          130.0  130.0   40.0
  273   1.257175E+04   1.399969E+00   3.176E+11   5.382E+29   1.901E-04      1.214E-01                                                                                                                                           88.0   88.0   28.0
  274   1.257382E+04   1.399969E+00   3.057E+11   5.244E+29   1.830E-04      1.199E-01                                                                                                                                           88.0   88.0   28.0
  275   1.257608E+04   1.399970E+00   2.941E+11   5.103E+29   1.761E-04      1.184E-01                                                                                                                                           88.0   88.0   28.0
  276   1.258050E+04   1.399971E+00   2.831E+11   4.916E+29   1.695E-04      1.169E-01                                                                                                                                           88.0   88.0   28.0
  277   1.258493E+04   1.399972E+00   2.724E+11   4.728E+29   1.631E-04      1.154E-01                                                                                                                                           88.0   88.0   28.0
  278   1.258935E+04   1.399973E+00   2.621E+11   4.541E+29   1.570E-04      1.148E-01                                                                                                                                           86.0   86.0   28.0
  279   1.259378E+04   1.399975E+00   2.522E+11   4.354E+29   1.511E-04      1.133E-01                                                                                                                                           86.0   86.0   28.0
  280   1.259820E+04   1.399976E+00   2.427E+11   4.167E+29   1.454E-04      1.119E-01                                                                                                                                           86.0   86.0   28.0
  281   1.260263E+04   1.399977E+00   2.336E+11   3.979E+29   1.399E-04      1.105E-01                                                                                                                                           86.0   86.0   28.0
  282   1.260705E+04   1.399978E+00   2.248E+11   3.792E+29   1.346E-04      1.091E-01                                                                                                                                           86.0   86.0   28.0
  283   1.261148E+04   1.399979E+00   2.163E+11   3.605E+29   1.295E-04      1.077E-01                                                                                                                                           86.0   86.0   28.0
  284   1.261590E+04   1.399980E+00   2.081E+11   3.418E+29   1.246E-04      1.063E-01                                                                                                                                           86.0   86.0   28.0
  285   1.262033E+04   1.399981E+00   2.003E+11   3.230E+29   1.200E-04      1.058E-01                                                                                                                                           84.0   84.0   28.0
  286   1.262475E+04   1.399982E+00   1.927E+11   3.043E+29   1.155E-04      1.045E-01                                                                                                                                           84.0   84.0   28.0
  287   1.262880E+04   1.399983E+00   1.855E+11   2.932E+29   1.111E-04      1.031E-01                                                                                                                                           84.0   84.0   28.0
  288   1.263285E+04   1.399983E+00   1.785E+11   2.820E+29   1.069E-04      1.018E-01                                                                                                                                           84.0   84.0   28.0
  289   1.263690E+04   1.399984E+00   1.718E+11   2.708E+29   1.029E-04      1.005E-01                                                                                                                                           84.0   84.0   28.0
  290   1.264095E+04   1.399985E+00   1.653E+11   2.597E+29   9.902E-05      9.924E-02                                                                                                                                           84.0   84.0   28.0
  291   1.264500E+04   1.399985E+00   1.591E+11   2.485E+29   9.530E-05      9.798E-02                                                                                                                                           84.0   84.0   28.0
  292   1.264904E+04   1.399986E+00   1.531E+11   2.374E+29   9.171E-05      9.673E-02                                                                                                                                           84.0   84.0   28.0
  293   1.265309E+04   1.399987E+00   1.473E+11   2.262E+29   8.827E-05      9.551E-02                                                                                                                                           84.0   84.0   28.0
  294   1.265714E+04   1.399987E+00   1.417E+11   2.151E+29   8.495E-05      9.429E-02                                                                                                                                           84.0   84.0   28.0
  295   1.266119E+04   1.399988E+00   1.364E+11   2.039E+29   8.175E-05      9.385E-02                                                                                                                                           82.0   82.0   28.0
  296   1.266524E+04   1.399988E+00   1.313E+11   1.927E+29   7.868E-05      9.266E-02                                                                                                                                           82.0   82.0   28.0
  297   1.266929E+04   1.399989E+00   1.263E+11   1.816E+29   7.572E-05      9.148E-02                                                                                                                                           82.0   82.0   28.0
  298   1.267302E+04   1.399990E+00   1.215E+11   1.745E+29   7.288E-05      9.032E-02                                                                                                                                           82.0   82.0   28.0
  299   1.267670E+04   1.399990E+00   1.170E+11   1.680E+29   7.014E-05      8.918E-02                                                                                                                                           82.0   82.0   28.0
  300   1.268039E+04   1.399990E+00   1.126E+11   1.614E+29   6.751E-05      8.805E-02                                                                                                                                           82.0   82.0   28.0
  301   1.268407E+04   1.399991E+00   1.083E+11   1.549E+29   6.497E-05      8.693E-02                                                                                                                                           82.0   82.0   28.0
  302   1.268775E+04   1.399991E+00   1.042E+11   1.484E+29   6.253E-05      8.653E-02                                                                                                                                           80.0   80.0   28.0
  303   1.269144E+04   1.399991E+00   1.003E+11   1.419E+29   6.017E-05      8.543E-02                                                                                                                                           80.0   80.0   28.0
  304   1.269512E+04   1.399992E+00   9.652E+10   1.354E+29   5.791E-05      8.435E-02                                                                                                                                           80.0   80.0   28.0
  305   1.269880E+04   1.399992E+00   9.288E+10   1.289E+29   5.573E-05      8.327E-02                                                                                                                                           80.0   80.0   28.0
  306   1.270248E+04   1.399993E+00   8.938E+10   1.223E+29   5.363E-05      8.222E-02                                                                                                                                           80.0   80.0   28.0
  307   1.270617E+04   1.399993E+00   8.601E+10   1.158E+29   5.161E-05      8.117E-02                                                                                                                                           80.0   80.0   28.0
  308   1.270985E+04   1.399993E+00   8.277E+10   1.093E+29   4.966E-05      8.082E-02                                                                                                                                           78.0   78.0   28.0
  309   1.271352E+04   1.399994E+00   7.965E+10   1.043E+29   4.779E-05      7.979E-02                                                                                                                                           78.0   78.0   28.0
  310   1.271719E+04   1.399994E+00   7.664E+10   1.000E+29   4.599E-05      7.877E-02                                                                                                                                           78.0   78.0   28.0
  311   1.272086E+04   1.399994E+00   7.375E+10   9.578E+28   4.426E-05      7.777E-02                                                                                                                                           78.0   78.0   28.0
  312   1.272452E+04   1.399994E+00   7.097E+10   9.153E+28   4.259E-05      7.678E-02                                                                                                                                           78.0   78.0   28.0
  313   1.272819E+04   1.399995E+00   6.830E+10   8.727E+28   4.099E-05      7.581E-02                                                                                                                                           78.0   78.0   28.0
  314   1.273186E+04   1.399995E+00   6.572E+10   8.302E+28   3.944E-05      7.484E-02                                                                                                                                           78.0   78.0   28.0
  315   1.273553E+04   1.399995E+00   6.325E+10   7.877E+28   3.796E-05      7.389E-02                                                                                                                                           78.0   78.0   28.0
  316   1.273919E+04   1.399995E+00   6.086E+10   7.451E+28   3.653E-05      7.295E-02                                                                                                                                           78.0   78.0   28.0
  317   1.274286E+04   1.399996E+00   5.857E+10   7.026E+28   3.515E-05      7.202E-02                                                                                                                                           78.0   78.0   28.0
  318   1.274653E+04   1.399996E+00   5.636E+10   6.600E+28   3.383E-05      7.111E-02                                                                                                                                           78.0   78.0   28.0
  319   1.275001E+04   1.399996E+00   5.423E+10   6.231E+28   3.255E-05      7.020E-02                                                                                                                                           78.0   78.0   28.0
  320   1.275302E+04   1.399996E+00   5.219E+10   6.004E+28   3.133E-05      6.931E-02                                                                                                                                           78.0   78.0   28.0
  321   1.275602E+04   1.399996E+00   5.022E+10   5.777E+28   3.015E-05      6.843E-02                                                                                                                                           78.0   78.0   28.0
  322   1.275903E+04   1.399997E+00   4.833E+10   5.550E+28   2.902E-05      6.756E-02                                                                                                                                           78.0   78.0   28.0
  323   1.276204E+04   1.399997E+00   4.651E+10   5.323E+28   2.793E-05      6.671E-02                                                                                                                                           78.0   78.0   28.0
  324   1.276505E+04   1.399997E+00   4.475E+10   5.095E+28   2.688E-05      6.586E-02                                                                                                                                           78.0   78.0   28.0
  325   1.276805E+04   1.399997E+00   4.307E+10   4.868E+28   2.587E-05      6.502E-02                                                                                                                                           78.0   78.0   28.0
  326   1.277106E+04   1.399997E+00   4.144E+10   4.641E+28   2.489E-05      6.514E-02                                                                                                                                           80.0   80.0   30.0
  327   1.277407E+04   1.399997E+00   3.988E+10   4.414E+28   2.395E-05      6.431E-02                                                                                                                                           80.0   80.0   30.0
  328   1.277708E+04   1.399997E+00   3.838E+10   4.187E+28   2.305E-05      6.349E-02                                                                                                                                           80.0   80.0   30.0
  329   1.278009E+04   1.399998E+00   3.693E+10   3.960E+28   2.218E-05      6.268E-02                                                                                                                                           80.0   80.0   30.0
  330   1.278308E+04   1.399998E+00   3.554E+10   3.742E+28   2.134E-05      6.188E-02                                                                                                                                           80.0   80.0   30.0
  331   1.278598E+04   1.399998E+00   3.420E+10   3.597E+28   2.054E-05      6.109E-02                                                                                                                                           80.0   80.0   30.0
  332   1.278889E+04   1.399998E+00   3.291E+10   3.452E+28   1.976E-05      6.032E-02                                                                                                                                           80.0   80.0   30.0
  333   1.279179E+04   1.399998E+00   3.167E+10   3.307E+28   1.902E-05      5.955E-02                                                                                                                                           80.0   80.0   30.0
  334   1.279469E+04   1.399998E+00   3.048E+10   3.162E+28   1.830E-05      5.879E-02                                                                                                                                           80.0   80.0   30.0
  335   1.279760E+04   1.399998E+00   2.933E+10   3.018E+28   1.762E-05      5.805E-02                                                                                                                                           80.0   80.0   30.0
  336   1.280050E+04   1.399998E+00   2.822E+10   2.873E+28   1.695E-05      5.731E-02                                                                                                                                           80.0   80.0   30.0
  337   1.280340E+04   1.399998E+00   2.716E+10   2.728E+28   1.632E-05      5.659E-02                                                                                                                                           80.0   80.0   30.0
  338   1.280631E+04   1.399998E+00   2.613E+10   2.583E+28   1.570E-05      5.587E-02                                                                                                                                           80.0   80.0   30.0
  339   1.280921E+04   1.399998E+00   2.515E+10   2.438E+28   1.511E-05      5.516E-02                                                                                                                                           80.0   80.0   30.0
  340   1.281211E+04   1.399999E+00   2.420E+10   2.293E+28   1.454E-05      5.445E-02                                                                                                                                           80.0   80.0   30.0
  341   1.281484E+04   1.399999E+00   2.329E+10   2.176E+28   1.399E-05      5.376E-02                                                                                                                                           80.0   80.0   30.0
  342   1.281733E+04   1.399999E+00   2.241E+10   2.095E+28   1.347E-05      5.308E-02                                                                                                                                           80.0   80.0   30.0
  343   1.281982E+04   1.399999E+00   2.157E+10   2.014E+28   1.296E-05      5.240E-02                                                                                                                                           80.0   80.0   30.0
  344   1.282231E+04   1.399999E+00   2.075E+10   1.933E+28   1.247E-05      5.217E-02                                                                                                                                           78.0   78.0   30.0
  345   1.282481E+04   1.399999E+00   1.997E+10   1.852E+28   1.200E-05      5.151E-02                                                                                                                                           78.0   78.0   30.0
  346   1.282730E+04   1.399999E+00   1.922E+10   1.771E+28   1.155E-05      5.086E-02                                                                                                                                           78.0   78.0   30.0
  347   1.282979E+04   1.399999E+00   1.849E+10   1.690E+28   1.112E-05      5.021E-02                                                                                                                                           78.0   78.0   30.0
  348   1.283228E+04   1.399999E+00   1.780E+10   1.609E+28   1.070E-05      4.957E-02                                                                                                                                           78.0   78.0   30.0
  349   1.283477E+04   1.399999E+00   1.713E+10   1.528E+28   1.030E-05      4.894E-02                                                                                                                                           78.0   78.0   30.0
  350   1.283726E+04   1.399999E+00   1.648E+10   1.447E+28   9.909E-06      4.850E-02                                                                                                                                           72.0   72.0   28.0
  351   1.283975E+04   1.399999E+00   1.586E+10   1.366E+28   9.535E-06      4.788E-02                                                                                                                                           72.0   72.0   28.0
  352   1.284219E+04   1.399999E+00   1.526E+10   1.296E+28   9.175E-06      4.727E-02                                                                                                                                           72.0   72.0   28.0
  353   1.284453E+04   1.399999E+00   1.469E+10   1.246E+28   8.829E-06      4.667E-02                                                                                                                                           72.0   72.0   28.0
  354   1.284687E+04   1.399999E+00   1.413E+10   1.197E+28   8.496E-06      4.608E-02                                                                                                                                           72.0   72.0   28.0
  355   1.284921E+04   1.399999E+00   1.360E+10   1.148E+28   8.176E-06      4.549E-02                                                                                                                                           72.0   72.0   28.0
  356   1.285155E+04   1.399999E+00   1.309E+10   1.099E+28   7.867E-06      4.491E-02                                                                                                                                           72.0   72.0   28.0
  357   1.285389E+04   1.399999E+00   1.259E+10   1.049E+28   7.571E-06      4.493E-02                                                                                                                                           84.0   84.0   34.0
  358   1.285623E+04   1.399999E+00   1.212E+10   1.000E+28   7.285E-06      4.436E-02                                                                                                                                           84.0   84.0   34.0
  359   1.285857E+04   1.399999E+00   1.166E+10   9.509E+27   7.010E-06      4.380E-02                                                                                                                                           84.0   84.0   34.0
  360   1.286091E+04   1.399999E+00   1.122E+10   9.017E+27   6.746E-06      4.324E-02                                                                                                                                           84.0   84.0   34.0
  361   1.286325E+04   1.399999E+00   1.080E+10   8.525E+27   6.491E-06      4.269E-02                                                                                                                                           84.0   84.0   34.0
  362   1.286559E+04   1.399999E+00   1.039E+10   8.032E+27   6.246E-06      4.215E-02                                                                                                                                           84.0   84.0   34.0
  363   1.286786E+04   1.400000E+00   1.000E+10   7.634E+27   6.011E-06      4.161E-02                                                                                                                                           84.0   84.0   34.0
