
 EOS                                                                            

              Mstar     = 1.400E+00    Rstar     = 1.287E+06
              Mdurca    = 2.152E-01    Rdurca    = 5.423E+05
              Mexo      = 0.000E+00    Rexo      = 0.000E+00
              Mcore     = 1.352E+00    Rcore     = 1.172E+06
              Mincrust  = 4.796E-02    Rincrust  = 8.409E+04
              Moutcrust = 4.327E-05    Routcrust = 3.085E+04

  icore= 111   sfn1s0= 1.                 emnco= 5.   rhoexo=   1.200E+25
  idrip= 267   sfn3p2=***  fn3p2= 1.00    emncr= 5.     cexo=   1.000E+25
   imax= 363   sfp1s0= 3.  fp1s0= 1.00      emp= 3.     pexo=   6.000E+00

      DUrca active above Rho =   5.927E+14 gm/cm^3
          e-ion bremstrahlung:  1             bubble neutrinos:  0
             plasma neutrinos:  1              neutron 1S0 pbf:  1
               pair neutrinos:  0              neutron 3P2 pbf:  1
              photo neutrinos:  0               proton 1S0 pbf:  1

        Accreted envelope from Potekhin et al. with Eta = 0.00E+00


    Step      Time            Teff       L_phot       L_nu        L_heat 
             [years]      at inf [K]    [erg/sec]   [erg/sec]   [erg/sec]

       1   1.000E-13        6.536E+06   3.179E+36   2.185E+50   0.000E+00
       2   2.500E-13        6.536E+06   3.179E+36   2.184E+50   0.000E+00
       3   4.750E-13        6.536E+06   3.179E+36   2.182E+50   0.000E+00
       4   8.125E-13        6.536E+06   3.179E+36   2.179E+50   0.000E+00
       5   1.319E-12        6.536E+06   3.179E+36   2.174E+50   0.000E+00
       6   2.078E-12        6.536E+06   3.179E+36   2.167E+50   0.000E+00
       7   3.217E-12        6.536E+06   3.179E+36   2.157E+50   0.000E+00
       8   4.926E-12        6.536E+06   3.179E+36   2.142E+50   0.000E+00
       9   7.489E-12        6.536E+06   3.179E+36   2.120E+50   0.000E+00
      10   1.133E-11        6.536E+06   3.179E+36   2.088E+50   0.000E+00
      11   1.710E-11        6.536E+06   3.179E+36   2.041E+50   0.000E+00
      12   2.575E-11        6.536E+06   3.179E+36   1.975E+50   0.000E+00
      13   3.872E-11        6.536E+06   3.179E+36   1.882E+50   0.000E+00
      14   5.819E-11        6.536E+06   3.179E+36   1.757E+50   0.000E+00
      15   8.738E-11        6.536E+06   3.179E+36   1.596E+50   0.000E+00
      16   1.312E-10        6.536E+06   3.179E+36   1.398E+50   0.000E+00
      17   1.969E-10        6.536E+06   3.179E+36   1.173E+50   0.000E+00
      18   2.954E-10        6.536E+06   3.179E+36   9.365E+49   0.000E+00
      19   4.432E-10        6.536E+06   3.179E+36   7.085E+49   0.000E+00
      20   6.649E-10        6.536E+06   3.179E+36   5.079E+49   0.000E+00
      21   9.974E-10        6.536E+06   3.179E+36   3.460E+49   0.000E+00
      22   1.496E-09        6.536E+06   3.179E+36   2.255E+49   0.000E+00
      23   2.244E-09        6.536E+06   3.179E+36   1.416E+49   0.000E+00
      24   3.367E-09        6.536E+06   3.179E+36   8.658E+48   0.000E+00
      25   5.050E-09        6.536E+06   3.179E+36   5.204E+48   0.000E+00
      26   7.575E-09        6.536E+06   3.179E+36   3.113E+48   0.000E+00
      27   1.136E-08        6.536E+06   3.179E+36   1.882E+48   0.000E+00
      28   1.704E-08        6.536E+06   3.179E+36   1.171E+48   0.000E+00
      29   2.557E-08        6.536E+06   3.179E+36   7.664E+47   0.000E+00
      30   3.835E-08        6.536E+06   3.179E+36   5.377E+47   0.000E+00
      31   4.687E-08        6.536E+06   3.179E+36   4.582E+47   0.000E+00
      32   4.940E-08        6.536E+06   3.179E+36   4.410E+47   0.000E+00
      33   5.319E-08        6.536E+06   3.179E+36   4.217E+47   0.000E+00
      34   5.697E-08        6.536E+06   3.179E+36   4.061E+47   0.000E+00
      35   6.161E-08        6.536E+06   3.179E+36   3.907E+47   0.000E+00
      36   6.857E-08        6.536E+06   3.179E+36   3.727E+47   0.000E+00
      37   7.901E-08        6.536E+06   3.179E+36   3.513E+47   0.000E+00
      38   9.466E-08        6.536E+06   3.179E+36   3.277E+47   0.000E+00
      39   1.181E-07        6.536E+06   3.179E+36   3.032E+47   0.000E+00
      40   1.534E-07        6.536E+06   3.179E+36   2.792E+47   0.000E+00
      41   2.062E-07        6.536E+06   3.179E+36   2.561E+47   0.000E+00
      42   2.855E-07        6.535E+06   3.179E+36   2.336E+47   0.000E+00
      43   4.044E-07        6.535E+06   3.179E+36   2.106E+47   0.000E+00
      44   5.827E-07        6.535E+06   3.179E+36   1.861E+47   0.000E+00
      45   8.502E-07        6.535E+06   3.179E+36   1.597E+47   0.000E+00
      46   1.251E-06        6.535E+06   3.178E+36   1.320E+47   0.000E+00
      47   1.853E-06        6.535E+06   3.178E+36   1.044E+47   0.000E+00
      48   2.756E-06        6.535E+06   3.177E+36   7.880E+46   0.000E+00
      49   4.110E-06        6.534E+06   3.176E+36   5.687E+46   0.000E+00
      50   6.142E-06        6.533E+06   3.175E+36   3.940E+46   0.000E+00
      51   9.189E-06        6.532E+06   3.173E+36   2.635E+46   0.000E+00
      52   1.376E-05        6.531E+06   3.170E+36   1.715E+46   0.000E+00
      53   2.062E-05        6.528E+06   3.165E+36   1.092E+46   0.000E+00
      54   3.090E-05        6.524E+06   3.158E+36   6.850E+45   0.000E+00
      55   4.632E-05        6.519E+06   3.147E+36   4.250E+45   0.000E+00
      56   6.946E-05        6.511E+06   3.131E+36   2.614E+45   0.000E+00
      57   1.042E-04        6.498E+06   3.107E+36   1.596E+45   0.000E+00
      58   1.562E-04        6.480E+06   3.072E+36   9.678E+44   0.000E+00
      59   2.343E-04        6.453E+06   3.022E+36   5.827E+44   0.000E+00
      60   3.515E-04        6.414E+06   2.949E+36   3.486E+44   0.000E+00
      61   5.272E-04        6.357E+06   2.846E+36   2.077E+44   0.000E+00
      62   7.029E-04        6.302E+06   2.749E+36   1.412E+44   0.000E+00
      63   7.218E-04        6.296E+06   2.739E+36   1.356E+44   0.000E+00
      64   7.372E-04        6.292E+06   2.731E+36   1.312E+44   0.000E+00
      65   7.603E-04        6.285E+06   2.718E+36   1.251E+44   0.000E+00
      66   7.758E-04        6.280E+06   2.710E+36   1.213E+44   0.000E+00
      67   7.860E-04        6.277E+06   2.705E+36   1.189E+44   0.000E+00
      68   8.015E-04        6.272E+06   2.697E+36   1.154E+44   0.000E+00
      69   8.246E-04        6.265E+06   2.684E+36   1.105E+44   0.000E+00
      70   8.435E-04        6.259E+06   2.675E+36   1.067E+44   0.000E+00
      71   8.589E-04        6.254E+06   2.667E+36   1.038E+44   0.000E+00
      72   8.821E-04        6.248E+06   2.655E+36   9.973E+43   0.000E+00
      73   9.168E-04        6.237E+06   2.637E+36   9.414E+43   0.000E+00
      74   9.451E-04        6.229E+06   2.623E+36   8.997E+43   0.000E+00
      75   9.876E-04        6.216E+06   2.602E+36   8.432E+43   0.000E+00
      76   1.051E-03        6.198E+06   2.571E+36   7.701E+43   0.000E+00
      77   1.080E-03        6.189E+06   2.557E+36   7.405E+43   0.000E+00
      78   1.122E-03        6.177E+06   2.537E+36   7.002E+43   0.000E+00
      79   1.186E-03        6.159E+06   2.508E+36   6.469E+43   0.000E+00
      80   1.238E-03        6.145E+06   2.484E+36   6.082E+43   0.000E+00
      81   1.316E-03        6.123E+06   2.449E+36   5.578E+43   0.000E+00
      82   1.433E-03        6.091E+06   2.399E+36   4.956E+43   0.000E+00
      83   1.609E-03        6.046E+06   2.328E+36   4.239E+43   0.000E+00
      84   1.661E-03        6.032E+06   2.307E+36   4.053E+43   0.000E+00
      85   1.671E-03        6.030E+06   2.303E+36   4.017E+43   0.000E+00
      86   1.678E-03        6.028E+06   2.300E+36   3.993E+43   0.000E+00
      87   1.688E-03        6.025E+06   2.296E+36   3.960E+43   0.000E+00
      88   1.701E-03        6.022E+06   2.291E+36   3.920E+43   0.000E+00
      89   1.709E-03        6.020E+06   2.288E+36   3.894E+43   0.000E+00
      90   1.722E-03        6.016E+06   2.283E+36   3.857E+43   0.000E+00
      91   1.735E-03        6.013E+06   2.278E+36   3.821E+43   0.000E+00
      92   1.754E-03        6.008E+06   2.271E+36   3.769E+43   0.000E+00
      93   1.769E-03        6.005E+06   2.265E+36   3.728E+43   0.000E+00
      94   1.792E-03        5.999E+06   2.256E+36   3.669E+43   0.000E+00
      95   1.811E-03        5.994E+06   2.249E+36   3.623E+43   0.000E+00
      96   1.839E-03        5.987E+06   2.239E+36   3.558E+43   0.000E+00
      97   1.868E-03        5.980E+06   2.228E+36   3.495E+43   0.000E+00
      98   1.910E-03        5.969E+06   2.212E+36   3.408E+43   0.000E+00
      99   1.974E-03        5.954E+06   2.189E+36   3.290E+43   0.000E+00
     100   1.997E-03        5.948E+06   2.181E+36   3.250E+43   0.000E+00
     101   2.013E-03        5.944E+06   2.176E+36   3.223E+43   0.000E+00
     102   2.028E-03        5.940E+06   2.170E+36   3.197E+43   0.000E+00
     103   2.051E-03        5.935E+06   2.162E+36   3.161E+43   0.000E+00
     104   2.086E-03        5.927E+06   2.150E+36   3.107E+43   0.000E+00
     105   2.105E-03        5.922E+06   2.143E+36   3.079E+43   0.000E+00
     106   2.124E-03        5.918E+06   2.137E+36   3.052E+43   0.000E+00
     107   2.152E-03        5.911E+06   2.127E+36   3.013E+43   0.000E+00
     108   2.187E-03        5.903E+06   2.115E+36   2.967E+43   0.000E+00
     109   2.239E-03        5.891E+06   2.098E+36   2.902E+43   0.000E+00
     110   2.317E-03        5.873E+06   2.073E+36   2.812E+43   0.000E+00
     111   2.434E-03        5.846E+06   2.035E+36   2.693E+43   0.000E+00
     112   2.610E-03        5.808E+06   1.982E+36   2.539E+43   0.000E+00
     113   2.873E-03        5.752E+06   1.908E+36   2.350E+43   0.000E+00
     114   3.049E-03        5.717E+06   1.861E+36   2.241E+43   0.000E+00
     115   3.166E-03        5.693E+06   1.831E+36   2.174E+43   0.000E+00
     116   3.342E-03        5.659E+06   1.787E+36   2.081E+43   0.000E+00
     117   3.561E-03        5.618E+06   1.735E+36   1.976E+43   0.000E+00
     118   3.667E-03        5.598E+06   1.711E+36   1.928E+43   0.000E+00
     119   3.794E-03        5.575E+06   1.683E+36   1.873E+43   0.000E+00
     120   3.947E-03        5.548E+06   1.651E+36   1.809E+43   0.000E+00
     121   4.130E-03        5.516E+06   1.613E+36   1.738E+43   0.000E+00
     122   4.350E-03        5.479E+06   1.570E+36   1.656E+43   0.000E+00
     123   4.550E-03        5.446E+06   1.533E+36   1.585E+43   0.000E+00
     124   4.791E-03        5.408E+06   1.491E+36   1.505E+43   0.000E+00
     125   4.974E-03        5.380E+06   1.460E+36   1.447E+43   0.000E+00
     126   5.193E-03        5.347E+06   1.424E+36   1.381E+43   0.000E+00
     127   5.434E-03        5.312E+06   1.387E+36   1.313E+43   0.000E+00
     128   5.723E-03        5.272E+06   1.346E+36   1.236E+43   0.000E+00
     129   6.069E-03        5.225E+06   1.299E+36   1.152E+43   0.000E+00
     130   6.485E-03        5.172E+06   1.247E+36   1.060E+43   0.000E+00
     131   6.984E-03        5.111E+06   1.189E+36   9.637E+42   0.000E+00
     132   7.582E-03        5.043E+06   1.127E+36   8.641E+42   0.000E+00
     133   7.899E-03        5.008E+06   1.096E+36   8.164E+42   0.000E+00
     134   8.051E-03        4.991E+06   1.081E+36   7.947E+42   0.000E+00
     135   8.234E-03        4.971E+06   1.064E+36   7.698E+42   0.000E+00
     136   8.454E-03        4.948E+06   1.045E+36   7.414E+42   0.000E+00
     137   8.606E-03        4.932E+06   1.031E+36   7.226E+42   0.000E+00
     138   8.789E-03        4.914E+06   1.016E+36   7.009E+42   0.000E+00
     139   9.009E-03        4.897E+06   1.002E+36   6.762E+42   0.000E+00
     140   9.273E-03        4.872E+06   9.815E+35   6.484E+42   0.000E+00
     141   9.589E-03        4.845E+06   9.603E+35   6.175E+42   0.000E+00
     142   9.853E-03        4.821E+06   9.412E+35   5.934E+42   0.000E+00
     143   1.017E-02        4.793E+06   9.195E+35   5.666E+42   0.000E+00
     144   1.055E-02        4.760E+06   8.948E+35   5.369E+42   0.000E+00
     145   1.100E-02        4.723E+06   8.670E+35   5.046E+42   0.000E+00
     146   1.155E-02        4.680E+06   8.360E+35   4.699E+42   0.000E+00
     147   1.215E-02        4.636E+06   8.047E+35   4.361E+42   0.000E+00
     148   1.287E-02        4.585E+06   7.703E+35   4.006E+42   0.000E+00
     149   1.373E-02        4.528E+06   7.325E+35   3.641E+42   0.000E+00
     150   1.445E-02        4.483E+06   7.036E+35   3.375E+42   0.000E+00
     151   1.523E-02        4.436E+06   6.751E+35   3.117E+42   0.000E+00
     152   1.618E-02        4.385E+06   6.440E+35   2.848E+42   0.000E+00
     153   1.731E-02        4.327E+06   6.108E+35   2.574E+42   0.000E+00
     154   1.867E-02        4.263E+06   5.756E+35   2.300E+42   0.000E+00
     155   2.030E-02        4.194E+06   5.391E+35   2.031E+42   0.000E+00
     156   2.226E-02        4.119E+06   5.017E+35   1.772E+42   0.000E+00
     157   2.441E-02        4.046E+06   4.669E+35   1.545E+42   0.000E+00
     158   2.655E-02        3.980E+06   4.371E+35   1.363E+42   0.000E+00
     159   2.913E-02        3.909E+06   4.069E+35   1.186E+42   0.000E+00
     160   3.195E-02        3.840E+06   3.790E+35   1.032E+42   0.000E+00
     161   3.477E-02        3.779E+06   3.553E+35   9.081E+41   0.000E+00
     162   3.815E-02        3.713E+06   3.313E+35   7.902E+41   0.000E+00
     163   4.221E-02        3.645E+06   3.075E+35   6.793E+41   0.000E+00
     164   4.708E-02        3.574E+06   2.843E+35   5.766E+41   0.000E+00
     165   5.293E-02        3.501E+06   2.619E+35   4.837E+41   0.000E+00
     166   5.827E-02        3.444E+06   2.451E+35   4.180E+41   0.000E+00
     167   6.468E-02        3.384E+06   2.285E+35   3.565E+41   0.000E+00
     168   7.236E-02        3.323E+06   2.124E+35   3.004E+41   0.000E+00
     169   8.078E-02        3.266E+06   1.982E+35   2.543E+41   0.000E+00
     170   9.089E-02        3.208E+06   1.846E+35   2.129E+41   0.000E+00
     171   1.030E-01        3.151E+06   1.717E+35   1.761E+41   0.000E+00
     172   1.100E-01        3.121E+06   1.653E+35   1.587E+41   0.000E+00
     173   1.141E-01        3.104E+06   1.618E+35   1.499E+41   0.000E+00
     174   1.169E-01        3.093E+06   1.595E+35   1.441E+41   0.000E+00
     175   1.203E-01        3.081E+06   1.570E+35   1.377E+41   0.000E+00
     176   1.244E-01        3.066E+06   1.541E+35   1.306E+41   0.000E+00
     177   1.292E-01        3.050E+06   1.508E+35   1.229E+41   0.000E+00
     178   1.351E-01        3.032E+06   1.473E+35   1.147E+41   0.000E+00
     179   1.421E-01        3.012E+06   1.435E+35   1.059E+41   0.000E+00
     180   1.505E-01        2.990E+06   1.393E+35   9.684E+40   0.000E+00
     181   1.606E-01        2.967E+06   1.350E+35   8.753E+40   0.000E+00
     182   1.727E-01        2.941E+06   1.304E+35   7.816E+40   0.000E+00
     183   1.873E-01        2.915E+06   1.258E+35   6.900E+40   0.000E+00
     184   2.048E-01        2.887E+06   1.210E+35   6.031E+40   0.000E+00
     185   2.257E-01        2.858E+06   1.163E+35   5.211E+40   0.000E+00
     186   2.403E-01        2.840E+06   1.134E+35   4.734E+40   0.000E+00
     187   2.577E-01        2.821E+06   1.104E+35   4.250E+40   0.000E+00
     188   2.737E-01        2.805E+06   1.079E+35   3.868E+40   0.000E+00
     189   2.928E-01        2.788E+06   1.053E+35   3.480E+40   0.000E+00
     190   3.157E-01        2.770E+06   1.026E+35   3.109E+40   0.000E+00
     191   3.433E-01        2.752E+06   9.990E+34   2.755E+40   0.000E+00
     192   3.662E-01        2.738E+06   9.790E+34   2.506E+40   0.000E+00
     193   3.938E-01        2.723E+06   9.582E+34   2.254E+40   0.000E+00
     194   4.239E-01        2.709E+06   9.385E+34   2.019E+40   0.000E+00
     195   4.601E-01        2.694E+06   9.185E+34   1.804E+40   0.000E+00
     196   5.036E-01        2.680E+06   8.985E+34   1.600E+40   0.000E+00
     197   5.557E-01        2.665E+06   8.789E+34   1.403E+40   0.000E+00
     198   6.183E-01        2.651E+06   8.601E+34   1.210E+40   0.000E+00
     199   6.934E-01        2.637E+06   8.422E+34   1.037E+40   0.000E+00
     200   7.835E-01        2.624E+06   8.256E+34   8.780E+39   0.000E+00
     201   8.916E-01        2.611E+06   8.104E+34   7.205E+39   0.000E+00
     202   1.021E+00        2.600E+06   7.965E+34   5.723E+39   0.000E+00
     203   1.177E+00        2.590E+06   7.838E+34   4.556E+39   0.000E+00
     204   1.364E+00        2.580E+06   7.722E+34   3.596E+39   0.000E+00
     205   1.551E+00        2.572E+06   7.627E+34   2.888E+39   0.000E+00
     206   1.775E+00        2.564E+06   7.533E+34   2.337E+39   0.000E+00
     207   2.044E+00        2.556E+06   7.439E+34   1.836E+39   0.000E+00
     208   2.367E+00        2.548E+06   7.342E+34   1.427E+39   0.000E+00
     209   2.754E+00        2.539E+06   7.242E+34   1.079E+39   0.000E+00
     210   3.219E+00        2.530E+06   7.137E+34   8.122E+38   0.000E+00
     211   3.777E+00        2.520E+06   7.029E+34   6.097E+38   0.000E+00
     212   4.446E+00        2.510E+06   6.918E+34   4.569E+38   0.000E+00
     213   5.249E+00        2.500E+06   6.805E+34   3.446E+38   0.000E+00
     214   6.213E+00        2.489E+06   6.692E+34   2.632E+38   0.000E+00
     215   7.370E+00        2.478E+06   6.576E+34   2.042E+38   0.000E+00
     216   8.758E+00        2.467E+06   6.452E+34   1.609E+38   0.000E+00
     217   1.042E+01        2.453E+06   6.314E+34   1.280E+38   0.000E+00
     218   1.242E+01        2.438E+06   6.153E+34   1.018E+38   0.000E+00
     219   1.482E+01        2.418E+06   5.954E+34   8.014E+37   0.000E+00
     220   1.770E+01        2.392E+06   5.701E+34   6.182E+37   0.000E+00
     221   2.115E+01        2.357E+06   5.374E+34   4.670E+37   0.000E+00
     222   2.530E+01        2.309E+06   4.952E+34   3.480E+37   0.000E+00
     223   3.027E+01        2.243E+06   4.413E+34   2.587E+37   0.000E+00
     224   3.624E+01        2.153E+06   3.745E+34   1.933E+37   0.000E+00
     225   4.340E+01        2.031E+06   2.964E+34   1.452E+37   0.000E+00
     226   5.200E+01        1.877E+06   2.165E+34   1.086E+37   0.000E+00
     227   6.231E+01        1.687E+06   1.410E+34   7.876E+36   0.000E+00
     228   7.309E+01        1.499E+06   8.800E+33   5.634E+36   0.000E+00
     229   8.370E+01        1.337E+06   5.562E+33   4.020E+36   0.000E+00
     230   9.467E+01        1.209E+06   3.722E+33   2.837E+36   0.000E+00
     231   1.078E+02        1.114E+06   2.680E+33   1.913E+36   0.000E+00
     232   1.236E+02        1.051E+06   2.125E+33   1.252E+36   0.000E+00
     233   1.426E+02        1.011E+06   1.821E+33   8.102E+35   0.000E+00
     234   1.654E+02        9.843E+05   1.636E+33   5.271E+35   0.000E+00
     235   1.927E+02        9.649E+05   1.510E+33   3.494E+35   0.000E+00
     236   2.255E+02        9.496E+05   1.417E+33   2.370E+35   0.000E+00
     237   2.648E+02        9.370E+05   1.343E+33   1.647E+35   0.000E+00
     238   3.120E+02        9.263E+05   1.283E+33   1.169E+35   0.000E+00
     239   3.686E+02        9.170E+05   1.232E+33   8.456E+34   0.000E+00
     240   4.366E+02        9.086E+05   1.188E+33   6.215E+34   0.000E+00
     241   5.181E+02        9.010E+05   1.149E+33   4.630E+34   0.000E+00
     242   6.160E+02        8.940E+05   1.113E+33   3.490E+34   0.000E+00
     243   7.334E+02        8.875E+05   1.081E+33   2.655E+34   0.000E+00
     244   8.743E+02        8.813E+05   1.051E+33   2.036E+34   0.000E+00
     245   1.043E+03        8.754E+05   1.024E+33   1.570E+34   0.000E+00
     246   1.246E+03        8.698E+05   9.975E+32   1.217E+34   0.000E+00
     247   1.490E+03        8.644E+05   9.727E+32   9.462E+33   0.000E+00
     248   1.782E+03        8.591E+05   9.491E+32   7.372E+33   0.000E+00
     249   2.133E+03        8.539E+05   9.265E+32   5.749E+33   0.000E+00
     250   2.553E+03        8.488E+05   9.046E+32   4.482E+33   0.000E+00
     251   3.058E+03        8.438E+05   8.833E+32   3.488E+33   0.000E+00
     252   3.664E+03        8.388E+05   8.625E+32   2.706E+33   0.000E+00
     253   4.391E+03        8.337E+05   8.420E+32   2.090E+33   0.000E+00
     254   5.264E+03        8.287E+05   8.217E+32   1.603E+33   0.000E+00
     255   6.262E+03        8.237E+05   8.022E+32   1.233E+33   0.000E+00
     256   7.260E+03        8.194E+05   7.855E+32   9.752E+32   0.000E+00
     257   8.258E+03        8.155E+05   7.706E+32   7.883E+32   0.000E+00
     258   9.256E+03        8.119E+05   7.572E+32   6.478E+32   0.000E+00
     259   1.025E+04        8.086E+05   7.451E+32   5.393E+32   0.000E+00
     260   1.125E+04        8.056E+05   7.338E+32   4.537E+32   0.000E+00
     261   1.225E+04        8.027E+05   7.233E+32   3.849E+32   0.000E+00
     262   1.325E+04        7.999E+05   7.134E+32   3.289E+32   0.000E+00
     263   1.425E+04        7.973E+05   7.041E+32   2.827E+32   0.000E+00
     264   1.525E+04        7.948E+05   6.952E+32   2.442E+32   0.000E+00
     265   1.624E+04        7.923E+05   6.867E+32   2.119E+32   0.000E+00
     266   1.724E+04        7.900E+05   6.786E+32   1.845E+32   0.000E+00
     267   1.824E+04        7.877E+05   6.708E+32   1.612E+32   0.000E+00
     268   1.924E+04        7.854E+05   6.632E+32   1.412E+32   0.000E+00
     269   2.024E+04        7.833E+05   6.558E+32   1.240E+32   0.000E+00
     270   2.123E+04        7.811E+05   6.487E+32   1.091E+32   0.000E+00
     271   2.223E+04        7.790E+05   6.418E+32   9.622E+31   0.000E+00
     272   2.323E+04        7.770E+05   6.350E+32   8.499E+31   0.000E+00
     273   2.423E+04        7.749E+05   6.284E+32   7.520E+31   0.000E+00
     274   2.523E+04        7.729E+05   6.220E+32   6.663E+31   0.000E+00
     275   2.623E+04        7.710E+05   6.156E+32   5.911E+31   0.000E+00
     276   2.722E+04        7.690E+05   6.094E+32   5.252E+31   0.000E+00
     277   2.822E+04        7.671E+05   6.034E+32   4.671E+31   0.000E+00
     278   2.922E+04        7.652E+05   5.974E+32   4.159E+31   0.000E+00
     279   3.022E+04        7.633E+05   5.915E+32   3.708E+31   0.000E+00
     280   3.122E+04        7.614E+05   5.857E+32   3.309E+31   0.000E+00
     281   3.221E+04        7.596E+05   5.800E+32   2.957E+31   0.000E+00
     282   3.321E+04        7.577E+05   5.744E+32   2.645E+31   0.000E+00
     283   3.421E+04        7.559E+05   5.689E+32   2.369E+31   0.000E+00
     284   3.521E+04        7.541E+05   5.634E+32   2.124E+31   0.000E+00
     285   3.621E+04        7.523E+05   5.581E+32   1.906E+31   0.000E+00
     286   3.721E+04        7.505E+05   5.528E+32   1.713E+31   0.000E+00
     287   3.820E+04        7.487E+05   5.475E+32   1.542E+31   0.000E+00
     288   3.920E+04        7.469E+05   5.423E+32   1.389E+31   0.000E+00
     289   4.020E+04        7.451E+05   5.372E+32   1.254E+31   0.000E+00
     290   4.120E+04        7.434E+05   5.322E+32   1.133E+31   0.000E+00
     291   4.220E+04        7.416E+05   5.272E+32   1.026E+31   0.000E+00
     292   4.319E+04        7.399E+05   5.223E+32   9.304E+30   0.000E+00
     293   4.419E+04        7.382E+05   5.174E+32   8.452E+30   0.000E+00
     294   4.519E+04        7.364E+05   5.126E+32   7.691E+30   0.000E+00
     295   4.619E+04        7.347E+05   5.078E+32   7.013E+30   0.000E+00
     296   4.719E+04        7.330E+05   5.031E+32   6.407E+30   0.000E+00
     297   4.819E+04        7.313E+05   4.984E+32   5.865E+30   0.000E+00
     298   4.918E+04        7.296E+05   4.938E+32   5.381E+30   0.000E+00
     299   5.018E+04        7.279E+05   4.893E+32   4.947E+30   0.000E+00
     300   5.118E+04        7.262E+05   4.848E+32   4.558E+30   0.000E+00
     301   5.218E+04        7.246E+05   4.803E+32   4.209E+30   0.000E+00
     302   5.318E+04        7.229E+05   4.759E+32   3.896E+30   0.000E+00
     303   5.417E+04        7.212E+05   4.715E+32   3.615E+30   0.000E+00
     304   5.517E+04        7.196E+05   4.672E+32   3.361E+30   0.000E+00
     305   5.617E+04        7.179E+05   4.629E+32   3.133E+30   0.000E+00
     306   5.717E+04        7.163E+05   4.586E+32   2.927E+30   0.000E+00
     307   5.817E+04        7.146E+05   4.544E+32   2.740E+30   0.000E+00
     308   5.917E+04        7.130E+05   4.503E+32   2.571E+30   0.000E+00
     309   6.016E+04        7.113E+05   4.462E+32   2.418E+30   0.000E+00
     310   6.116E+04        7.097E+05   4.421E+32   2.279E+30   0.000E+00
     311   6.216E+04        7.081E+05   4.380E+32   2.152E+30   0.000E+00
     312   6.316E+04        7.065E+05   4.341E+32   2.036E+30   0.000E+00
     313   6.416E+04        7.048E+05   4.301E+32   1.930E+30   0.000E+00
     314   6.515E+04        7.032E+05   4.262E+32   1.833E+30   0.000E+00
     315   6.615E+04        7.016E+05   4.223E+32   1.743E+30   0.000E+00
     316   6.715E+04        7.000E+05   4.185E+32   1.661E+30   0.000E+00
     317   6.815E+04        6.984E+05   4.147E+32   1.585E+30   0.000E+00
     318   6.915E+04        6.968E+05   4.109E+32   1.515E+30   0.000E+00
     319   7.015E+04        6.953E+05   4.072E+32   1.450E+30   0.000E+00
     320   7.114E+04        6.937E+05   4.035E+32   1.389E+30   0.000E+00
     321   7.214E+04        6.921E+05   3.998E+32   1.332E+30   0.000E+00
     322   7.314E+04        6.905E+05   3.962E+32   1.279E+30   0.000E+00
     323   7.414E+04        6.890E+05   3.926E+32   1.230E+30   0.000E+00
     324   7.514E+04        6.874E+05   3.891E+32   1.183E+30   0.000E+00
     325   7.613E+04        6.858E+05   3.856E+32   1.139E+30   0.000E+00
     326   7.713E+04        6.843E+05   3.821E+32   1.098E+30   0.000E+00
     327   7.813E+04        6.827E+05   3.786E+32   1.059E+30   0.000E+00
     328   7.913E+04        6.812E+05   3.752E+32   1.022E+30   0.000E+00
     329   8.013E+04        6.797E+05   3.719E+32   9.863E+29   0.000E+00
     330   8.113E+04        6.781E+05   3.685E+32   9.527E+29   0.000E+00
     331   8.212E+04        6.766E+05   3.652E+32   9.207E+29   0.000E+00
     332   8.312E+04        6.751E+05   3.619E+32   8.902E+29   0.000E+00
     333   8.412E+04        6.736E+05   3.587E+32   8.609E+29   0.000E+00
     334   8.512E+04        6.720E+05   3.555E+32   8.330E+29   0.000E+00
     335   8.612E+04        6.705E+05   3.523E+32   8.061E+29   0.000E+00
     336   8.711E+04        6.690E+05   3.491E+32   7.804E+29   0.000E+00
     337   8.811E+04        6.675E+05   3.460E+32   7.556E+29   0.000E+00
     338   8.911E+04        6.660E+05   3.429E+32   7.317E+29   0.000E+00
     339   9.011E+04        6.645E+05   3.398E+32   7.088E+29   0.000E+00
     340   9.111E+04        6.630E+05   3.368E+32   6.866E+29   0.000E+00
     341   9.210E+04        6.616E+05   3.338E+32   6.653E+29   0.000E+00
     342   9.310E+04        6.601E+05   3.308E+32   6.446E+29   0.000E+00
     343   9.410E+04        6.586E+05   3.279E+32   6.247E+29   0.000E+00
     344   9.510E+04        6.571E+05   3.249E+32   6.054E+29   0.000E+00
     345   9.610E+04        6.557E+05   3.220E+32   5.868E+29   0.000E+00
     346   9.710E+04        6.542E+05   3.192E+32   5.687E+29   0.000E+00
     347   9.809E+04        6.527E+05   3.163E+32   5.513E+29   0.000E+00
     348   9.909E+04        6.513E+05   3.135E+32   5.343E+29   0.000E+00
     349   1.001E+05        6.498E+05   3.107E+32   5.179E+29   0.000E+00
     350   1.011E+05        6.484E+05   3.080E+32   5.021E+29   0.000E+00
     351   1.021E+05        6.469E+05   3.053E+32   4.866E+29   0.000E+00
     352   1.031E+05        6.455E+05   3.026E+32   4.717E+29   0.000E+00
     353   1.041E+05        6.441E+05   2.999E+32   4.572E+29   0.000E+00
     354   1.051E+05        6.426E+05   2.972E+32   4.431E+29   0.000E+00
     355   1.061E+05        6.412E+05   2.946E+32   4.295E+29   0.000E+00
     356   1.071E+05        6.398E+05   2.920E+32   4.163E+29   0.000E+00
     357   1.081E+05        6.384E+05   2.894E+32   4.034E+29   0.000E+00
     358   1.091E+05        6.370E+05   2.869E+32   3.910E+29   0.000E+00
     359   1.101E+05        6.356E+05   2.843E+32   3.789E+29   0.000E+00
     360   1.111E+05        6.342E+05   2.818E+32   3.671E+29   0.000E+00
     361   1.121E+05        6.328E+05   2.793E+32   3.557E+29   0.000E+00
     362   1.131E+05        6.314E+05   2.769E+32   3.447E+29   0.000E+00
     363   1.141E+05        6.300E+05   2.745E+32   3.339E+29   0.000E+00
     364   1.151E+05        6.286E+05   2.720E+32   3.235E+29   0.000E+00
     365   1.161E+05        6.272E+05   2.697E+32   3.134E+29   0.000E+00
     366   1.171E+05        6.258E+05   2.673E+32   3.036E+29   0.000E+00
     367   1.181E+05        6.244E+05   2.649E+32   2.940E+29   0.000E+00
     368   1.191E+05        6.231E+05   2.626E+32   2.848E+29   0.000E+00
     369   1.201E+05        6.217E+05   2.603E+32   2.758E+29   0.000E+00
     370   1.211E+05        6.203E+05   2.580E+32   2.671E+29   0.000E+00
     371   1.221E+05        6.190E+05   2.558E+32   2.587E+29   0.000E+00
     372   1.230E+05        6.176E+05   2.536E+32   2.505E+29   0.000E+00
     373   1.240E+05        6.163E+05   2.513E+32   2.425E+29   0.000E+00
     374   1.250E+05        6.149E+05   2.491E+32   2.348E+29   0.000E+00
     375   1.260E+05        6.136E+05   2.470E+32   2.273E+29   0.000E+00
     376   1.270E+05        6.122E+05   2.448E+32   2.200E+29   0.000E+00
     377   1.280E+05        6.109E+05   2.427E+32   2.130E+29   0.000E+00
     378   1.290E+05        6.096E+05   2.406E+32   2.061E+29   0.000E+00
     379   1.300E+05        6.082E+05   2.385E+32   1.995E+29   0.000E+00
     380   1.310E+05        6.069E+05   2.364E+32   1.931E+29   0.000E+00
     381   1.320E+05        6.056E+05   2.344E+32   1.868E+29   0.000E+00
     382   1.330E+05        6.043E+05   2.323E+32   1.808E+29   0.000E+00
     383   1.340E+05        6.029E+05   2.303E+32   1.749E+29   0.000E+00
     384   1.350E+05        6.016E+05   2.283E+32   1.692E+29   0.000E+00
     385   1.360E+05        6.003E+05   2.263E+32   1.637E+29   0.000E+00
     386   1.370E+05        5.990E+05   2.244E+32   1.584E+29   0.000E+00
     387   1.380E+05        5.977E+05   2.224E+32   1.532E+29   0.000E+00
     388   1.390E+05        5.964E+05   2.205E+32   1.482E+29   0.000E+00
     389   1.400E+05        5.951E+05   2.186E+32   1.433E+29   0.000E+00
     390   1.410E+05        5.939E+05   2.167E+32   1.386E+29   0.000E+00
     391   1.420E+05        5.926E+05   2.149E+32   1.340E+29   0.000E+00
     392   1.430E+05        5.913E+05   2.130E+32   1.296E+29   0.000E+00
     393   1.440E+05        5.900E+05   2.112E+32   1.253E+29   0.000E+00
     394   1.450E+05        5.887E+05   2.094E+32   1.211E+29   0.000E+00
     395   1.460E+05        5.875E+05   2.076E+32   1.171E+29   0.000E+00
     396   1.470E+05        5.862E+05   2.058E+32   1.132E+29   0.000E+00
     397   1.480E+05        5.849E+05   2.040E+32   1.094E+29   0.000E+00
     398   1.490E+05        5.837E+05   2.023E+32   1.058E+29   0.000E+00
     399   1.500E+05        5.824E+05   2.005E+32   1.022E+29   0.000E+00
     400   1.510E+05        5.812E+05   1.988E+32   9.878E+28   0.000E+00
     401   1.520E+05        5.799E+05   1.971E+32   9.546E+28   0.000E+00
     402   1.530E+05        5.787E+05   1.954E+32   9.224E+28   0.000E+00
     403   1.540E+05        5.774E+05   1.937E+32   8.913E+28   0.000E+00
     404   1.550E+05        5.762E+05   1.921E+32   8.612E+28   0.000E+00
     405   1.560E+05        5.750E+05   1.904E+32   8.320E+28   0.000E+00
     406   1.570E+05        5.737E+05   1.888E+32   8.038E+28   0.000E+00
     407   1.580E+05        5.725E+05   1.872E+32   7.765E+28   0.000E+00
     408   1.590E+05        5.713E+05   1.856E+32   7.500E+28   0.000E+00
     409   1.600E+05        5.701E+05   1.840E+32   7.244E+28   0.000E+00
     410   1.610E+05        5.688E+05   1.825E+32   6.997E+28   0.000E+00
     411   1.620E+05        5.676E+05   1.809E+32   6.757E+28   0.000E+00
     412   1.630E+05        5.664E+05   1.794E+32   6.526E+28   0.000E+00
     413   1.640E+05        5.652E+05   1.779E+32   6.302E+28   0.000E+00
     414   1.650E+05        5.640E+05   1.763E+32   6.085E+28   0.000E+00
     415   1.660E+05        5.628E+05   1.748E+32   5.876E+28   0.000E+00
     416   1.670E+05        5.616E+05   1.734E+32   5.673E+28   0.000E+00
     417   1.680E+05        5.604E+05   1.719E+32   5.477E+28   0.000E+00
     418   1.690E+05        5.592E+05   1.704E+32   5.287E+28   0.000E+00
     419   1.700E+05        5.580E+05   1.690E+32   5.104E+28   0.000E+00
     420   1.710E+05        5.569E+05   1.676E+32   4.927E+28   0.000E+00
     421   1.720E+05        5.557E+05   1.662E+32   4.756E+28   0.000E+00
     422   1.730E+05        5.545E+05   1.648E+32   4.590E+28   0.000E+00
     423   1.740E+05        5.533E+05   1.634E+32   4.430E+28   0.000E+00
     424   1.750E+05        5.522E+05   1.620E+32   4.276E+28   0.000E+00
     425   1.760E+05        5.510E+05   1.606E+32   4.126E+28   0.000E+00
     426   1.769E+05        5.498E+05   1.593E+32   3.982E+28   0.000E+00
     427   1.779E+05        5.487E+05   1.579E+32   3.843E+28   0.000E+00
     428   1.789E+05        5.475E+05   1.566E+32   3.708E+28   0.000E+00
     429   1.799E+05        5.464E+05   1.553E+32   3.578E+28   0.000E+00
     430   1.809E+05        5.452E+05   1.540E+32   3.452E+28   0.000E+00
     431   1.819E+05        5.441E+05   1.527E+32   3.330E+28   0.000E+00
     432   1.829E+05        5.429E+05   1.514E+32   3.213E+28   0.000E+00
     433   1.839E+05        5.418E+05   1.501E+32   3.100E+28   0.000E+00
     434   1.849E+05        5.407E+05   1.489E+32   2.990E+28   0.000E+00
     435   1.859E+05        5.395E+05   1.476E+32   2.884E+28   0.000E+00
     436   1.869E+05        5.384E+05   1.464E+32   2.782E+28   0.000E+00
     437   1.879E+05        5.373E+05   1.452E+32   2.684E+28   0.000E+00
     438   1.889E+05        5.361E+05   1.440E+32   2.588E+28   0.000E+00
     439   1.899E+05        5.350E+05   1.428E+32   2.497E+28   0.000E+00
     440   1.909E+05        5.339E+05   1.416E+32   2.408E+28   0.000E+00
     441   1.919E+05        5.328E+05   1.404E+32   2.322E+28   0.000E+00
     442   1.929E+05        5.317E+05   1.392E+32   2.240E+28   0.000E+00
     443   1.939E+05        5.306E+05   1.381E+32   2.160E+28   0.000E+00
     444   1.949E+05        5.295E+05   1.369E+32   2.083E+28   0.000E+00
     445   1.959E+05        5.283E+05   1.358E+32   2.009E+28   0.000E+00
     446   1.969E+05        5.272E+05   1.347E+32   1.937E+28   0.000E+00
     447   1.979E+05        5.262E+05   1.336E+32   1.868E+28   0.000E+00
     448   1.989E+05        5.251E+05   1.324E+32   1.801E+28   0.000E+00
     449   1.999E+05        5.240E+05   1.313E+32   1.736E+28   0.000E+00
     450   2.009E+05        5.229E+05   1.303E+32   1.674E+28   0.000E+00
     451   2.019E+05        5.218E+05   1.292E+32   1.614E+28   0.000E+00
     452   2.029E+05        5.207E+05   1.281E+32   1.557E+28   0.000E+00
     453   2.039E+05        5.196E+05   1.271E+32   1.501E+28   0.000E+00
     454   2.049E+05        5.186E+05   1.260E+32   1.447E+28   0.000E+00
     455   2.059E+05        5.175E+05   1.250E+32   1.395E+28   0.000E+00
     456   2.069E+05        5.164E+05   1.239E+32   1.345E+28   0.000E+00
     457   2.079E+05        5.154E+05   1.229E+32   1.297E+28   0.000E+00
     458   2.089E+05        5.143E+05   1.219E+32   1.250E+28   0.000E+00
     459   2.099E+05        5.132E+05   1.209E+32   1.205E+28   0.000E+00
     460   2.109E+05        5.122E+05   1.199E+32   1.162E+28   0.000E+00
     461   2.119E+05        5.111E+05   1.189E+32   1.120E+28   0.000E+00
     462   2.129E+05        5.101E+05   1.179E+32   1.080E+28   0.000E+00
     463   2.139E+05        5.090E+05   1.170E+32   1.041E+28   0.000E+00
     464   2.149E+05        5.080E+05   1.160E+32   1.004E+28   0.000E+00
     465   2.159E+05        5.069E+05   1.151E+32   9.678E+27   0.000E+00
     466   2.169E+05        5.059E+05   1.141E+32   9.330E+27   0.000E+00
     467   2.179E+05        5.048E+05   1.132E+32   8.995E+27   0.000E+00
     468   2.189E+05        5.038E+05   1.123E+32   8.672E+27   0.000E+00
     469   2.199E+05        5.028E+05   1.114E+32   8.361E+27   0.000E+00
     470   2.209E+05        5.017E+05   1.104E+32   8.060E+27   0.000E+00
     471   2.219E+05        5.007E+05   1.095E+32   7.771E+27   0.000E+00
     472   2.229E+05        4.997E+05   1.087E+32   7.492E+27   0.000E+00
     473   2.239E+05        4.987E+05   1.078E+32   7.224E+27   0.000E+00
     474   2.249E+05        4.977E+05   1.069E+32   6.965E+27   0.000E+00
     475   2.259E+05        4.966E+05   1.060E+32   6.715E+27   0.000E+00
     476   2.269E+05        4.956E+05   1.052E+32   6.475E+27   0.000E+00
     477   2.279E+05        4.946E+05   1.043E+32   6.243E+27   0.000E+00
     478   2.289E+05        4.936E+05   1.035E+32   6.020E+27   0.000E+00
     479   2.299E+05        4.926E+05   1.026E+32   5.805E+27   0.000E+00
     480   2.309E+05        4.916E+05   1.018E+32   5.597E+27   0.000E+00
     481   2.318E+05        4.906E+05   1.010E+32   5.398E+27   0.000E+00
     482   2.328E+05        4.896E+05   1.001E+32   5.205E+27   0.000E+00
     483   2.338E+05        4.886E+05   9.933E+31   5.020E+27   0.000E+00
     484   2.348E+05        4.876E+05   9.853E+31   4.841E+27   0.000E+00
     485   2.358E+05        4.866E+05   9.773E+31   4.669E+27   0.000E+00
     486   2.368E+05        4.857E+05   9.695E+31   4.503E+27   0.000E+00
     487   2.378E+05        4.847E+05   9.616E+31   4.343E+27   0.000E+00
     488   2.388E+05        4.837E+05   9.539E+31   4.189E+27   0.000E+00
     489   2.398E+05        4.827E+05   9.462E+31   4.041E+27   0.000E+00
     490   2.408E+05        4.817E+05   9.386E+31   3.898E+27   0.000E+00
     491   2.418E+05        4.808E+05   9.310E+31   3.760E+27   0.000E+00
     492   2.428E+05        4.798E+05   9.235E+31   3.628E+27   0.000E+00
     493   2.438E+05        4.788E+05   9.161E+31   3.500E+27   0.000E+00
     494   2.448E+05        4.779E+05   9.088E+31   3.377E+27   0.000E+00
     495   2.458E+05        4.769E+05   9.015E+31   3.258E+27   0.000E+00
     496   2.468E+05        4.760E+05   8.943E+31   3.144E+27   0.000E+00
     497   2.478E+05        4.750E+05   8.871E+31   3.034E+27   0.000E+00
     498   2.488E+05        4.740E+05   8.800E+31   2.928E+27   0.000E+00
     499   2.498E+05        4.731E+05   8.730E+31   2.826E+27   0.000E+00
     500   2.508E+05        4.721E+05   8.660E+31   2.727E+27   0.000E+00
     501   2.518E+05        4.712E+05   8.591E+31   2.633E+27   0.000E+00
     502   2.528E+05        4.703E+05   8.522E+31   2.541E+27   0.000E+00
     503   2.538E+05        4.693E+05   8.454E+31   2.453E+27   0.000E+00
     504   2.548E+05        4.684E+05   8.387E+31   2.368E+27   0.000E+00
     505   2.558E+05        4.674E+05   8.320E+31   2.287E+27   0.000E+00
     506   2.568E+05        4.665E+05   8.254E+31   2.208E+27   0.000E+00
     507   2.578E+05        4.656E+05   8.188E+31   2.132E+27   0.000E+00
     508   2.588E+05        4.647E+05   8.123E+31   2.059E+27   0.000E+00
     509   2.598E+05        4.637E+05   8.058E+31   1.988E+27   0.000E+00
     510   2.608E+05        4.628E+05   7.994E+31   1.920E+27   0.000E+00
     511   2.618E+05        4.619E+05   7.931E+31   1.855E+27   0.000E+00
     512   2.628E+05        4.610E+05   7.868E+31   1.792E+27   0.000E+00
     513   2.638E+05        4.600E+05   7.806E+31   1.731E+27   0.000E+00
     514   2.648E+05        4.591E+05   7.744E+31   1.673E+27   0.000E+00
     515   2.658E+05        4.582E+05   7.683E+31   1.616E+27   0.000E+00
     516   2.668E+05        4.573E+05   7.622E+31   1.562E+27   0.000E+00
     517   2.678E+05        4.564E+05   7.562E+31   1.509E+27   0.000E+00
     518   2.688E+05        4.555E+05   7.502E+31   1.459E+27   0.000E+00
     519   2.698E+05        4.546E+05   7.443E+31   1.410E+27   0.000E+00
     520   2.708E+05        4.537E+05   7.384E+31   1.363E+27   0.000E+00
     521   2.718E+05        4.528E+05   7.326E+31   1.318E+27   0.000E+00
     522   2.728E+05        4.519E+05   7.268E+31   1.274E+27   0.000E+00
     523   2.738E+05        4.510E+05   7.211E+31   1.232E+27   0.000E+00
     524   2.748E+05        4.501E+05   7.154E+31   1.191E+27   0.000E+00
     525   2.758E+05        4.492E+05   7.098E+31   1.152E+27   0.000E+00
     526   2.768E+05        4.484E+05   7.042E+31   1.114E+27   0.000E+00
     527   2.778E+05        4.475E+05   6.987E+31   1.078E+27   0.000E+00
     528   2.788E+05        4.466E+05   6.932E+31   1.043E+27   0.000E+00
     529   2.798E+05        4.457E+05   6.878E+31   1.009E+27   0.000E+00
     530   2.808E+05        4.449E+05   6.824E+31   9.763E+26   0.000E+00
     531   2.818E+05        4.440E+05   6.771E+31   9.448E+26   0.000E+00
     532   2.828E+05        4.431E+05   6.718E+31   9.143E+26   0.000E+00
     533   2.838E+05        4.422E+05   6.666E+31   8.850E+26   0.000E+00
     534   2.848E+05        4.414E+05   6.614E+31   8.567E+26   0.000E+00
     535   2.858E+05        4.405E+05   6.562E+31   8.293E+26   0.000E+00
     536   2.867E+05        4.397E+05   6.511E+31   8.030E+26   0.000E+00
     537   2.877E+05        4.388E+05   6.460E+31   7.775E+26   0.000E+00
     538   2.887E+05        4.379E+05   6.410E+31   7.530E+26   0.000E+00
     539   2.897E+05        4.371E+05   6.360E+31   7.293E+26   0.000E+00
     540   2.907E+05        4.362E+05   6.311E+31   7.064E+26   0.000E+00
     541   2.917E+05        4.354E+05   6.262E+31   6.843E+26   0.000E+00
     542   2.927E+05        4.345E+05   6.213E+31   6.629E+26   0.000E+00
     543   2.937E+05        4.337E+05   6.165E+31   6.423E+26   0.000E+00
     544   2.947E+05        4.328E+05   6.117E+31   6.224E+26   0.000E+00
     545   2.957E+05        4.320E+05   6.070E+31   6.032E+26   0.000E+00
     546   2.967E+05        4.312E+05   6.023E+31   5.846E+26   0.000E+00
     547   2.977E+05        4.303E+05   5.976E+31   5.667E+26   0.000E+00
     548   2.987E+05        4.295E+05   5.930E+31   5.494E+26   0.000E+00
     549   2.997E+05        4.287E+05   5.884E+31   5.326E+26   0.000E+00
     550   3.007E+05        4.278E+05   5.839E+31   5.165E+26   0.000E+00
     551   3.017E+05        4.270E+05   5.794E+31   5.008E+26   0.000E+00
     552   3.027E+05        4.262E+05   5.749E+31   4.857E+26   0.000E+00
     553   3.037E+05        4.254E+05   5.705E+31   4.711E+26   0.000E+00
     554   3.047E+05        4.245E+05   5.661E+31   4.570E+26   0.000E+00
     555   3.057E+05        4.237E+05   5.617E+31   4.433E+26   0.000E+00
     556   3.067E+05        4.229E+05   5.574E+31   4.301E+26   0.000E+00
     557   3.077E+05        4.221E+05   5.531E+31   4.174E+26   0.000E+00
     558   3.087E+05        4.213E+05   5.489E+31   4.050E+26   0.000E+00
     559   3.097E+05        4.205E+05   5.447E+31   3.931E+26   0.000E+00
     560   3.107E+05        4.197E+05   5.405E+31   3.815E+26   0.000E+00
     561   3.117E+05        4.189E+05   5.363E+31   3.704E+26   0.000E+00
     562   3.127E+05        4.180E+05   5.322E+31   3.595E+26   0.000E+00
     563   3.137E+05        4.172E+05   5.282E+31   3.491E+26   0.000E+00
     564   3.147E+05        4.164E+05   5.241E+31   3.390E+26   0.000E+00
     565   3.157E+05        4.156E+05   5.201E+31   3.292E+26   0.000E+00
     566   3.167E+05        4.149E+05   5.161E+31   3.197E+26   0.000E+00
     567   3.177E+05        4.141E+05   5.122E+31   3.105E+26   0.000E+00
     568   3.187E+05        4.133E+05   5.083E+31   3.016E+26   0.000E+00
     569   3.197E+05        4.125E+05   5.044E+31   2.930E+26   0.000E+00
     570   3.207E+05        4.117E+05   5.006E+31   2.846E+26   0.000E+00
     571   3.217E+05        4.109E+05   4.968E+31   2.766E+26   0.000E+00
     572   3.227E+05        4.101E+05   4.930E+31   2.687E+26   0.000E+00
     573   3.237E+05        4.093E+05   4.892E+31   2.612E+26   0.000E+00
     574   3.247E+05        4.086E+05   4.855E+31   2.538E+26   0.000E+00
     575   3.257E+05        4.078E+05   4.818E+31   2.467E+26   0.000E+00
     576   3.267E+05        4.070E+05   4.782E+31   2.398E+26   0.000E+00
     577   3.277E+05        4.062E+05   4.746E+31   2.331E+26   0.000E+00
     578   3.287E+05        4.055E+05   4.710E+31   2.266E+26   0.000E+00
     579   3.297E+05        4.047E+05   4.674E+31   2.204E+26   0.000E+00
     580   3.307E+05        4.039E+05   4.639E+31   2.143E+26   0.000E+00
     581   3.317E+05        4.032E+05   4.604E+31   2.084E+26   0.000E+00
     582   3.327E+05        4.024E+05   4.569E+31   2.026E+26   0.000E+00
     583   3.337E+05        4.016E+05   4.534E+31   1.971E+26   0.000E+00
     584   3.347E+05        4.009E+05   4.500E+31   1.917E+26   0.000E+00
     585   3.357E+05        4.001E+05   4.466E+31   1.865E+26   0.000E+00
     586   3.367E+05        3.994E+05   4.433E+31   1.814E+26   0.000E+00
     587   3.377E+05        3.986E+05   4.399E+31   1.765E+26   0.000E+00
     588   3.387E+05        3.979E+05   4.366E+31   1.717E+26   0.000E+00
     589   3.397E+05        3.971E+05   4.333E+31   1.671E+26   0.000E+00
     590   3.407E+05        3.964E+05   4.301E+31   1.626E+26   0.000E+00
     591   3.416E+05        3.956E+05   4.268E+31   1.582E+26   0.000E+00
     592   3.426E+05        3.949E+05   4.236E+31   1.540E+26   0.000E+00
     593   3.436E+05        3.941E+05   4.205E+31   1.499E+26   0.000E+00
     594   3.446E+05        3.934E+05   4.173E+31   1.459E+26   0.000E+00
     595   3.456E+05        3.926E+05   4.142E+31   1.420E+26   0.000E+00
     596   3.466E+05        3.919E+05   4.111E+31   1.382E+26   0.000E+00
     597   3.476E+05        3.912E+05   4.080E+31   1.346E+26   0.000E+00
     598   3.486E+05        3.904E+05   4.050E+31   1.310E+26   0.000E+00
     599   3.496E+05        3.897E+05   4.019E+31   1.276E+26   0.000E+00
     600   3.506E+05        3.890E+05   3.989E+31   1.242E+26   0.000E+00
     601   3.516E+05        3.883E+05   3.960E+31   1.210E+26   0.000E+00
     602   3.526E+05        3.875E+05   3.930E+31   1.178E+26   0.000E+00
     603   3.536E+05        3.868E+05   3.901E+31   1.147E+26   0.000E+00
     604   3.546E+05        3.861E+05   3.872E+31   1.117E+26   0.000E+00
     605   3.556E+05        3.854E+05   3.843E+31   1.088E+26   0.000E+00
     606   3.566E+05        3.846E+05   3.815E+31   1.060E+26   0.000E+00
     607   3.576E+05        3.839E+05   3.786E+31   1.033E+26   0.000E+00
     608   3.586E+05        3.832E+05   3.758E+31   1.006E+26   0.000E+00
     609   3.596E+05        3.825E+05   3.730E+31   9.799E+25   0.000E+00
     610   3.606E+05        3.818E+05   3.703E+31   9.547E+25   0.000E+00
     611   3.616E+05        3.811E+05   3.675E+31   9.301E+25   0.000E+00
     612   3.626E+05        3.804E+05   3.648E+31   9.063E+25   0.000E+00
     613   3.636E+05        3.797E+05   3.621E+31   8.831E+25   0.000E+00
     614   3.646E+05        3.790E+05   3.594E+31   8.605E+25   0.000E+00
     615   3.656E+05        3.783E+05   3.568E+31   8.385E+25   0.000E+00
     616   3.666E+05        3.776E+05   3.541E+31   8.171E+25   0.000E+00
     617   3.676E+05        3.769E+05   3.515E+31   7.963E+25   0.000E+00
     618   3.686E+05        3.762E+05   3.489E+31   7.761E+25   0.000E+00
     619   3.696E+05        3.755E+05   3.463E+31   7.564E+25   0.000E+00
     620   3.706E+05        3.748E+05   3.438E+31   7.373E+25   0.000E+00
     621   3.716E+05        3.741E+05   3.413E+31   7.186E+25   0.000E+00
     622   3.726E+05        3.734E+05   3.388E+31   7.005E+25   0.000E+00
     623   3.736E+05        3.727E+05   3.363E+31   6.828E+25   0.000E+00
     624   3.746E+05        3.720E+05   3.338E+31   6.656E+25   0.000E+00
     625   3.756E+05        3.713E+05   3.313E+31   6.489E+25   0.000E+00
     626   3.766E+05        3.707E+05   3.289E+31   6.326E+25   0.000E+00
     627   3.776E+05        3.700E+05   3.265E+31   6.168E+25   0.000E+00
     628   3.786E+05        3.693E+05   3.241E+31   6.013E+25   0.000E+00
     629   3.796E+05        3.686E+05   3.217E+31   5.863E+25   0.000E+00
     630   3.806E+05        3.679E+05   3.194E+31   5.717E+25   0.000E+00
     631   3.816E+05        3.673E+05   3.170E+31   5.574E+25   0.000E+00
     632   3.826E+05        3.666E+05   3.147E+31   5.435E+25   0.000E+00
     633   3.836E+05        3.659E+05   3.124E+31   5.300E+25   0.000E+00
     634   3.846E+05        3.653E+05   3.102E+31   5.169E+25   0.000E+00
     635   3.856E+05        3.646E+05   3.079E+31   5.040E+25   0.000E+00
     636   3.866E+05        3.639E+05   3.056E+31   4.915E+25   0.000E+00
     637   3.876E+05        3.633E+05   3.034E+31   4.794E+25   0.000E+00
     638   3.886E+05        3.626E+05   3.012E+31   4.675E+25   0.000E+00
     639   3.896E+05        3.619E+05   2.990E+31   4.560E+25   0.000E+00
     640   3.906E+05        3.613E+05   2.968E+31   4.447E+25   0.000E+00
     641   3.916E+05        3.606E+05   2.947E+31   4.338E+25   0.000E+00
     642   3.926E+05        3.600E+05   2.926E+31   4.231E+25   0.000E+00
     643   3.936E+05        3.593E+05   2.904E+31   4.127E+25   0.000E+00
     644   3.946E+05        3.586E+05   2.883E+31   4.026E+25   0.000E+00
     645   3.956E+05        3.580E+05   2.862E+31   3.927E+25   0.000E+00
     646   3.965E+05        3.573E+05   2.842E+31   3.831E+25   0.000E+00
     647   3.975E+05        3.567E+05   2.821E+31   3.737E+25   0.000E+00
     648   3.985E+05        3.561E+05   2.801E+31   3.645E+25   0.000E+00
     649   3.995E+05        3.554E+05   2.780E+31   3.556E+25   0.000E+00
     650   4.005E+05        3.548E+05   2.760E+31   3.469E+25   0.000E+00
     651   4.015E+05        3.541E+05   2.740E+31   3.385E+25   0.000E+00
     652   4.025E+05        3.535E+05   2.721E+31   3.302E+25   0.000E+00
     653   4.035E+05        3.528E+05   2.701E+31   3.222E+25   0.000E+00
     654   4.045E+05        3.522E+05   2.682E+31   3.144E+25   0.000E+00
     655   4.055E+05        3.516E+05   2.662E+31   3.067E+25   0.000E+00
     656   4.065E+05        3.509E+05   2.643E+31   2.993E+25   0.000E+00
     657   4.075E+05        3.503E+05   2.624E+31   2.920E+25   0.000E+00
     658   4.085E+05        3.497E+05   2.605E+31   2.849E+25   0.000E+00
     659   4.095E+05        3.490E+05   2.586E+31   2.780E+25   0.000E+00
     660   4.105E+05        3.484E+05   2.568E+31   2.713E+25   0.000E+00
     661   4.115E+05        3.478E+05   2.549E+31   2.647E+25   0.000E+00
     662   4.125E+05        3.472E+05   2.531E+31   2.583E+25   0.000E+00
     663   4.135E+05        3.465E+05   2.513E+31   2.521E+25   0.000E+00
     664   4.145E+05        3.459E+05   2.495E+31   2.460E+25   0.000E+00
     665   4.155E+05        3.453E+05   2.477E+31   2.401E+25   0.000E+00
     666   4.165E+05        3.447E+05   2.460E+31   2.343E+25   0.000E+00
     667   4.175E+05        3.441E+05   2.442E+31   2.286E+25   0.000E+00
     668   4.185E+05        3.434E+05   2.425E+31   2.231E+25   0.000E+00
     669   4.195E+05        3.428E+05   2.407E+31   2.178E+25   0.000E+00
     670   4.205E+05        3.422E+05   2.390E+31   2.125E+25   0.000E+00
     671   4.215E+05        3.416E+05   2.373E+31   2.074E+25   0.000E+00
     672   4.225E+05        3.410E+05   2.356E+31   2.025E+25   0.000E+00
     673   4.235E+05        3.404E+05   2.339E+31   1.976E+25   0.000E+00
     674   4.245E+05        3.398E+05   2.323E+31   1.929E+25   0.000E+00
     675   4.255E+05        3.392E+05   2.306E+31   1.883E+25   0.000E+00
     676   4.265E+05        3.386E+05   2.290E+31   1.838E+25   0.000E+00
     677   4.275E+05        3.380E+05   2.273E+31   1.794E+25   0.000E+00
     678   4.285E+05        3.374E+05   2.257E+31   1.751E+25   0.000E+00
     679   4.295E+05        3.368E+05   2.241E+31   1.709E+25   0.000E+00
     680   4.305E+05        3.362E+05   2.225E+31   1.668E+25   0.000E+00
     681   4.315E+05        3.356E+05   2.210E+31   1.628E+25   0.000E+00
     682   4.325E+05        3.350E+05   2.194E+31   1.590E+25   0.000E+00
     683   4.335E+05        3.344E+05   2.179E+31   1.552E+25   0.000E+00
     684   4.345E+05        3.338E+05   2.163E+31   1.515E+25   0.000E+00
     685   4.355E+05        3.332E+05   2.148E+31   1.479E+25   0.000E+00
     686   4.365E+05        3.326E+05   2.133E+31   1.444E+25   0.000E+00
     687   4.375E+05        3.320E+05   2.118E+31   1.409E+25   0.000E+00
     688   4.385E+05        3.314E+05   2.103E+31   1.376E+25   0.000E+00
     689   4.395E+05        3.308E+05   2.088E+31   1.343E+25   0.000E+00
     690   4.405E+05        3.303E+05   2.073E+31   1.311E+25   0.000E+00
     691   4.415E+05        3.297E+05   2.059E+31   1.280E+25   0.000E+00
     692   4.425E+05        3.291E+05   2.044E+31   1.250E+25   0.000E+00
     693   4.435E+05        3.285E+05   2.030E+31   1.220E+25   0.000E+00
     694   4.445E+05        3.279E+05   2.015E+31   1.191E+25   0.000E+00
     695   4.455E+05        3.274E+05   2.001E+31   1.163E+25   0.000E+00
     696   4.465E+05        3.268E+05   1.987E+31   1.136E+25   0.000E+00
     697   4.475E+05        3.262E+05   1.973E+31   1.109E+25   0.000E+00
     698   4.485E+05        3.256E+05   1.959E+31   1.083E+25   0.000E+00
     699   4.495E+05        3.251E+05   1.946E+31   1.057E+25   0.000E+00
     700   4.504E+05        3.245E+05   1.932E+31   1.032E+25   0.000E+00
     701   4.514E+05        3.239E+05   1.919E+31   1.008E+25   0.000E+00
     702   4.524E+05        3.234E+05   1.905E+31   9.842E+24   0.000E+00
     703   4.534E+05        3.228E+05   1.892E+31   9.610E+24   0.000E+00
     704   4.544E+05        3.222E+05   1.879E+31   9.384E+24   0.000E+00
     705   4.554E+05        3.217E+05   1.865E+31   9.163E+24   0.000E+00
     706   4.564E+05        3.211E+05   1.852E+31   8.948E+24   0.000E+00
     707   4.574E+05        3.205E+05   1.840E+31   8.738E+24   0.000E+00
     708   4.584E+05        3.200E+05   1.827E+31   8.532E+24   0.000E+00
     709   4.594E+05        3.194E+05   1.814E+31   8.332E+24   0.000E+00
     710   4.604E+05        3.189E+05   1.801E+31   8.137E+24   0.000E+00
     711   4.614E+05        3.183E+05   1.789E+31   7.946E+24   0.000E+00
     712   4.624E+05        3.177E+05   1.776E+31   7.760E+24   0.000E+00
     713   4.634E+05        3.172E+05   1.764E+31   7.578E+24   0.000E+00
     714   4.644E+05        3.166E+05   1.752E+31   7.400E+24   0.000E+00
     715   4.654E+05        3.161E+05   1.740E+31   7.227E+24   0.000E+00
     716   4.664E+05        3.155E+05   1.728E+31   7.058E+24   0.000E+00
     717   4.674E+05        3.150E+05   1.716E+31   6.893E+24   0.000E+00
     718   4.684E+05        3.144E+05   1.704E+31   6.732E+24   0.000E+00
     719   4.694E+05        3.139E+05   1.692E+31   6.575E+24   0.000E+00
     720   4.704E+05        3.134E+05   1.680E+31   6.422E+24   0.000E+00
     721   4.714E+05        3.128E+05   1.669E+31   6.272E+24   0.000E+00
     722   4.724E+05        3.123E+05   1.657E+31   6.125E+24   0.000E+00
     723   4.734E+05        3.117E+05   1.646E+31   5.983E+24   0.000E+00
     724   4.744E+05        3.112E+05   1.634E+31   5.843E+24   0.000E+00
     725   4.754E+05        3.107E+05   1.623E+31   5.707E+24   0.000E+00
     726   4.764E+05        3.101E+05   1.612E+31   5.574E+24   0.000E+00
     727   4.774E+05        3.096E+05   1.601E+31   5.445E+24   0.000E+00
     728   4.784E+05        3.090E+05   1.590E+31   5.318E+24   0.000E+00
     729   4.794E+05        3.085E+05   1.579E+31   5.195E+24   0.000E+00
     730   4.804E+05        3.080E+05   1.568E+31   5.074E+24   0.000E+00
     731   4.814E+05        3.075E+05   1.557E+31   4.956E+24   0.000E+00
     732   4.824E+05        3.069E+05   1.546E+31   4.841E+24   0.000E+00
     733   4.834E+05        3.064E+05   1.536E+31   4.729E+24   0.000E+00
     734   4.844E+05        3.059E+05   1.525E+31   4.619E+24   0.000E+00
     735   4.854E+05        3.053E+05   1.515E+31   4.512E+24   0.000E+00
     736   4.864E+05        3.048E+05   1.504E+31   4.408E+24   0.000E+00
     737   4.874E+05        3.043E+05   1.494E+31   4.306E+24   0.000E+00
     738   4.884E+05        3.038E+05   1.484E+31   4.206E+24   0.000E+00
     739   4.894E+05        3.032E+05   1.474E+31   4.109E+24   0.000E+00
     740   4.904E+05        3.027E+05   1.464E+31   4.014E+24   0.000E+00
     741   4.914E+05        3.022E+05   1.454E+31   3.921E+24   0.000E+00
     742   4.924E+05        3.017E+05   1.444E+31   3.830E+24   0.000E+00
     743   4.934E+05        3.012E+05   1.434E+31   3.742E+24   0.000E+00
     744   4.944E+05        3.007E+05   1.424E+31   3.656E+24   0.000E+00
     745   4.954E+05        3.001E+05   1.414E+31   3.571E+24   0.000E+00
     746   4.964E+05        2.996E+05   1.405E+31   3.489E+24   0.000E+00
     747   4.974E+05        2.991E+05   1.395E+31   3.409E+24   0.000E+00
     748   4.984E+05        2.986E+05   1.386E+31   3.330E+24   0.000E+00
     749   4.994E+05        2.981E+05   1.376E+31   3.253E+24   0.000E+00
     750   5.004E+05        2.976E+05   1.367E+31   3.178E+24   0.000E+00
     751   5.014E+05        2.971E+05   1.357E+31   3.105E+24   0.000E+00
     752   5.024E+05        2.966E+05   1.348E+31   3.034E+24   0.000E+00
     753   5.034E+05        2.961E+05   1.339E+31   2.964E+24   0.000E+00
     754   5.044E+05        2.956E+05   1.330E+31   2.896E+24   0.000E+00
     755   5.053E+05        2.951E+05   1.321E+31   2.830E+24   0.000E+00
     756   5.063E+05        2.946E+05   1.312E+31   2.765E+24   0.000E+00
     757   5.073E+05        2.941E+05   1.303E+31   2.701E+24   0.000E+00
     758   5.083E+05        2.936E+05   1.294E+31   2.639E+24   0.000E+00
     759   5.093E+05        2.931E+05   1.286E+31   2.579E+24   0.000E+00
     760   5.103E+05        2.926E+05   1.277E+31   2.520E+24   0.000E+00
     761   5.113E+05        2.921E+05   1.268E+31   2.462E+24   0.000E+00
     762   5.123E+05        2.916E+05   1.260E+31   2.406E+24   0.000E+00
     763   5.133E+05        2.911E+05   1.251E+31   2.351E+24   0.000E+00
     764   5.143E+05        2.906E+05   1.243E+31   2.297E+24   0.000E+00
     765   5.153E+05        2.901E+05   1.234E+31   2.244E+24   0.000E+00
     766   5.163E+05        2.896E+05   1.226E+31   2.193E+24   0.000E+00
     767   5.173E+05        2.891E+05   1.218E+31   2.143E+24   0.000E+00
